header: 
  seq: 1820
  stamp: 
    secs: 1561560729
    nsecs: 812214687
  frame_id: "right_camera_optical_frame"
height: 720
width: 1280
distortion_model: "plumb_bob"
D: [-0.173226997256279, 0.028091799467802048, 0.0, 0.0, 0.0]
K: [699.60400390625, 0.0, 631.8889770507812, 0.0, 699.60400390625, 390.23199462890625, 0.0, 0.0, 1.0]
R: [0.9999938011169434, -0.0012232770677655935, 0.00329600484110415, 0.0012064429465681314, 0.9999862313270569, 0.005100429989397526, -0.0033022037241607904, -0.005096418783068657, 0.9999815225601196]
P: [699.60400390625, 0.0, 631.8889770507812, -44.087188720703125, 0.0, 699.60400390625, 390.23199462890625, 0.0, 0.0, 0.0, 1.0, 0.0]
binning_x: 0
binning_y: 0
roi: 
  x_offset: 0
  y_offset: 0
  height: 0
  width: 0
  do_rectify: False
---
header: 
  seq: 1821
  stamp: 
    secs: 1561560729
    nsecs: 845459687
  frame_id: "right_camera_optical_frame"
height: 720
width: 1280
distortion_model: "plumb_bob"
D: [-0.173226997256279, 0.028091799467802048, 0.0, 0.0, 0.0]
K: [699.60400390625, 0.0, 631.8889770507812, 0.0, 699.60400390625, 390.23199462890625, 0.0, 0.0, 1.0]
R: [0.9999938011169434, -0.0012232770677655935, 0.00329600484110415, 0.0012064429465681314, 0.9999862313270569, 0.005100429989397526, -0.0033022037241607904, -0.005096418783068657, 0.9999815225601196]
P: [699.60400390625, 0.0, 631.8889770507812, -44.087188720703125, 0.0, 699.60400390625, 390.23199462890625, 0.0, 0.0, 0.0, 1.0, 0.0]
binning_x: 0
binning_y: 0
roi: 
  x_offset: 0
  y_offset: 0
  height: 0
  width: 0
  do_rectify: False
---
header: 
  seq: 1822
  stamp: 
    secs: 1561560729
    nsecs: 878836687
  frame_id: "right_camera_optical_frame"
height: 720
width: 1280
distortion_model: "plumb_bob"
D: [-0.173226997256279, 0.028091799467802048, 0.0, 0.0, 0.0]
K: [699.60400390625, 0.0, 631.8889770507812, 0.0, 699.60400390625, 390.23199462890625, 0.0, 0.0, 1.0]
R: [0.9999938011169434, -0.0012232770677655935, 0.00329600484110415, 0.0012064429465681314, 0.9999862313270569, 0.005100429989397526, -0.0033022037241607904, -0.005096418783068657, 0.9999815225601196]
P: [699.60400390625, 0.0, 631.8889770507812, -44.087188720703125, 0.0, 699.60400390625, 390.23199462890625, 0.0, 0.0, 0.0, 1.0, 0.0]
binning_x: 0
binning_y: 0
roi: 
  x_offset: 0
  y_offset: 0
  height: 0
  width: 0
  do_rectify: False
---
header: 
  seq: 1823
  stamp: 
    secs: 1561560729
    nsecs: 912214687
  frame_id: "right_camera_optical_frame"
height: 720
width: 1280
distortion_model: "plumb_bob"
D: [-0.173226997256279, 0.028091799467802048, 0.0, 0.0, 0.0]
K: [699.60400390625, 0.0, 631.8889770507812, 0.0, 699.60400390625, 390.23199462890625, 0.0, 0.0, 1.0]
R: [0.9999938011169434, -0.0012232770677655935, 0.00329600484110415, 0.0012064429465681314, 0.9999862313270569, 0.005100429989397526, -0.0033022037241607904, -0.005096418783068657, 0.9999815225601196]
P: [699.60400390625, 0.0, 631.8889770507812, -44.087188720703125, 0.0, 699.60400390625, 390.23199462890625, 0.0, 0.0, 0.0, 1.0, 0.0]
binning_x: 0
binning_y: 0
roi: 
  x_offset: 0
  y_offset: 0
  height: 0
  width: 0
  do_rectify: False
---
header: 
  seq: 1824
  stamp: 
    secs: 1561560729
    nsecs: 945461687
  frame_id: "right_camera_optical_frame"
height: 720
width: 1280
distortion_model: "plumb_bob"
D: [-0.173226997256279, 0.028091799467802048, 0.0, 0.0, 0.0]
K: [699.60400390625, 0.0, 631.8889770507812, 0.0, 699.60400390625, 390.23199462890625, 0.0, 0.0, 1.0]
R: [0.9999938011169434, -0.0012232770677655935, 0.00329600484110415, 0.0012064429465681314, 0.9999862313270569, 0.005100429989397526, -0.0033022037241607904, -0.005096418783068657, 0.9999815225601196]
P: [699.60400390625, 0.0, 631.8889770507812, -44.087188720703125, 0.0, 699.60400390625, 390.23199462890625, 0.0, 0.0, 0.0, 1.0, 0.0]
binning_x: 0
binning_y: 0
roi: 
  x_offset: 0
  y_offset: 0
  height: 0
  width: 0
  do_rectify: False
---
header: 
  seq: 1825
  stamp: 
    secs: 1561560729
    nsecs: 978835687
  frame_id: "right_camera_optical_frame"
height: 720
width: 1280
distortion_model: "plumb_bob"
D: [-0.173226997256279, 0.028091799467802048, 0.0, 0.0, 0.0]
K: [699.60400390625, 0.0, 631.8889770507812, 0.0, 699.60400390625, 390.23199462890625, 0.0, 0.0, 1.0]
R: [0.9999938011169434, -0.0012232770677655935, 0.00329600484110415, 0.0012064429465681314, 0.9999862313270569, 0.005100429989397526, -0.0033022037241607904, -0.005096418783068657, 0.9999815225601196]
P: [699.60400390625, 0.0, 631.8889770507812, -44.087188720703125, 0.0, 699.60400390625, 390.23199462890625, 0.0, 0.0, 0.0, 1.0, 0.0]
binning_x: 0
binning_y: 0
roi: 
  x_offset: 0
  y_offset: 0
  height: 0
  width: 0
  do_rectify: False
---
header: 
  seq: 1826
  stamp: 
    secs: 1561560730
    nsecs:  12227687
  frame_id: "right_camera_optical_frame"
height: 720
width: 1280
distortion_model: "plumb_bob"
D: [-0.173226997256279, 0.028091799467802048, 0.0, 0.0, 0.0]
K: [699.60400390625, 0.0, 631.8889770507812, 0.0, 699.60400390625, 390.23199462890625, 0.0, 0.0, 1.0]
R: [0.9999938011169434, -0.0012232770677655935, 0.00329600484110415, 0.0012064429465681314, 0.9999862313270569, 0.005100429989397526, -0.0033022037241607904, -0.005096418783068657, 0.9999815225601196]
P: [699.60400390625, 0.0, 631.8889770507812, -44.087188720703125, 0.0, 699.60400390625, 390.23199462890625, 0.0, 0.0, 0.0, 1.0, 0.0]
binning_x: 0
binning_y: 0
roi: 
  x_offset: 0
  y_offset: 0
  height: 0
  width: 0
  do_rectify: False
---
header: 
  seq: 1827
  stamp: 
    secs: 1561560730
    nsecs:  45476687
  frame_id: "right_camera_optical_frame"
height: 720
width: 1280
distortion_model: "plumb_bob"
D: [-0.173226997256279, 0.028091799467802048, 0.0, 0.0, 0.0]
K: [699.60400390625, 0.0, 631.8889770507812, 0.0, 699.60400390625, 390.23199462890625, 0.0, 0.0, 1.0]
R: [0.9999938011169434, -0.0012232770677655935, 0.00329600484110415, 0.0012064429465681314, 0.9999862313270569, 0.005100429989397526, -0.0033022037241607904, -0.005096418783068657, 0.9999815225601196]
P: [699.60400390625, 0.0, 631.8889770507812, -44.087188720703125, 0.0, 699.60400390625, 390.23199462890625, 0.0, 0.0, 0.0, 1.0, 0.0]
binning_x: 0
binning_y: 0
roi: 
  x_offset: 0
  y_offset: 0
  height: 0
  width: 0
  do_rectify: False
---
header: 
  seq: 1828
  stamp: 
    secs: 1561560730
    nsecs:  78850687
  frame_id: "right_camera_optical_frame"
height: 720
width: 1280
distortion_model: "plumb_bob"
D: [-0.173226997256279, 0.028091799467802048, 0.0, 0.0, 0.0]
K: [699.60400390625, 0.0, 631.8889770507812, 0.0, 699.60400390625, 390.23199462890625, 0.0, 0.0, 1.0]
R: [0.9999938011169434, -0.0012232770677655935, 0.00329600484110415, 0.0012064429465681314, 0.9999862313270569, 0.005100429989397526, -0.0033022037241607904, -0.005096418783068657, 0.9999815225601196]
P: [699.60400390625, 0.0, 631.8889770507812, -44.087188720703125, 0.0, 699.60400390625, 390.23199462890625, 0.0, 0.0, 0.0, 1.0, 0.0]
binning_x: 0
binning_y: 0
roi: 
  x_offset: 0
  y_offset: 0
  height: 0
  width: 0
  do_rectify: False
---
header: 
  seq: 1829
  stamp: 
    secs: 1561560730
    nsecs: 112210687
  frame_id: "right_camera_optical_frame"
height: 720
width: 1280
distortion_model: "plumb_bob"
D: [-0.173226997256279, 0.028091799467802048, 0.0, 0.0, 0.0]
K: [699.60400390625, 0.0, 631.8889770507812, 0.0, 699.60400390625, 390.23199462890625, 0.0, 0.0, 1.0]
R: [0.9999938011169434, -0.0012232770677655935, 0.00329600484110415, 0.0012064429465681314, 0.9999862313270569, 0.005100429989397526, -0.0033022037241607904, -0.005096418783068657, 0.9999815225601196]
P: [699.60400390625, 0.0, 631.8889770507812, -44.087188720703125, 0.0, 699.60400390625, 390.23199462890625, 0.0, 0.0, 0.0, 1.0, 0.0]
binning_x: 0
binning_y: 0
roi: 
  x_offset: 0
  y_offset: 0
  height: 0
  width: 0
  do_rectify: False
---
header: 
  seq: 1830
  stamp: 
    secs: 1561560730
    nsecs: 145464687
  frame_id: "right_camera_optical_frame"
height: 720
width: 1280
distortion_model: "plumb_bob"
D: [-0.173226997256279, 0.028091799467802048, 0.0, 0.0, 0.0]
K: [699.60400390625, 0.0, 631.8889770507812, 0.0, 699.60400390625, 390.23199462890625, 0.0, 0.0, 1.0]
R: [0.9999938011169434, -0.0012232770677655935, 0.00329600484110415, 0.0012064429465681314, 0.9999862313270569, 0.005100429989397526, -0.0033022037241607904, -0.005096418783068657, 0.9999815225601196]
P: [699.60400390625, 0.0, 631.8889770507812, -44.087188720703125, 0.0, 699.60400390625, 390.23199462890625, 0.0, 0.0, 0.0, 1.0, 0.0]
binning_x: 0
binning_y: 0
roi: 
  x_offset: 0
  y_offset: 0
  height: 0
  width: 0
  do_rectify: False
---
header: 
  seq: 1831
  stamp: 
    secs: 1561560730
    nsecs: 178836687
  frame_id: "right_camera_optical_frame"
height: 720
width: 1280
distortion_model: "plumb_bob"
D: [-0.173226997256279, 0.028091799467802048, 0.0, 0.0, 0.0]
K: [699.60400390625, 0.0, 631.8889770507812, 0.0, 699.60400390625, 390.23199462890625, 0.0, 0.0, 1.0]
R: [0.9999938011169434, -0.0012232770677655935, 0.00329600484110415, 0.0012064429465681314, 0.9999862313270569, 0.005100429989397526, -0.0033022037241607904, -0.005096418783068657, 0.9999815225601196]
P: [699.60400390625, 0.0, 631.8889770507812, -44.087188720703125, 0.0, 699.60400390625, 390.23199462890625, 0.0, 0.0, 0.0, 1.0, 0.0]
binning_x: 0
binning_y: 0
roi: 
  x_offset: 0
  y_offset: 0
  height: 0
  width: 0
  do_rectify: False
---
header: 
  seq: 1832
  stamp: 
    secs: 1561560730
    nsecs: 212210687
  frame_id: "right_camera_optical_frame"
height: 720
width: 1280
distortion_model: "plumb_bob"
D: [-0.173226997256279, 0.028091799467802048, 0.0, 0.0, 0.0]
K: [699.60400390625, 0.0, 631.8889770507812, 0.0, 699.60400390625, 390.23199462890625, 0.0, 0.0, 1.0]
R: [0.9999938011169434, -0.0012232770677655935, 0.00329600484110415, 0.0012064429465681314, 0.9999862313270569, 0.005100429989397526, -0.0033022037241607904, -0.005096418783068657, 0.9999815225601196]
P: [699.60400390625, 0.0, 631.8889770507812, -44.087188720703125, 0.0, 699.60400390625, 390.23199462890625, 0.0, 0.0, 0.0, 1.0, 0.0]
binning_x: 0
binning_y: 0
roi: 
  x_offset: 0
  y_offset: 0
  height: 0
  width: 0
  do_rectify: False
---
header: 
  seq: 1833
  stamp: 
    secs: 1561560730
    nsecs: 245585687
  frame_id: "right_camera_optical_frame"
height: 720
width: 1280
distortion_model: "plumb_bob"
D: [-0.173226997256279, 0.028091799467802048, 0.0, 0.0, 0.0]
K: [699.60400390625, 0.0, 631.8889770507812, 0.0, 699.60400390625, 390.23199462890625, 0.0, 0.0, 1.0]
R: [0.9999938011169434, -0.0012232770677655935, 0.00329600484110415, 0.0012064429465681314, 0.9999862313270569, 0.005100429989397526, -0.0033022037241607904, -0.005096418783068657, 0.9999815225601196]
P: [699.60400390625, 0.0, 631.8889770507812, -44.087188720703125, 0.0, 699.60400390625, 390.23199462890625, 0.0, 0.0, 0.0, 1.0, 0.0]
binning_x: 0
binning_y: 0
roi: 
  x_offset: 0
  y_offset: 0
  height: 0
  width: 0
  do_rectify: False
---
header: 
  seq: 1834
  stamp: 
    secs: 1561560730
    nsecs: 278834687
  frame_id: "right_camera_optical_frame"
height: 720
width: 1280
distortion_model: "plumb_bob"
D: [-0.173226997256279, 0.028091799467802048, 0.0, 0.0, 0.0]
K: [699.60400390625, 0.0, 631.8889770507812, 0.0, 699.60400390625, 390.23199462890625, 0.0, 0.0, 1.0]
R: [0.9999938011169434, -0.0012232770677655935, 0.00329600484110415, 0.0012064429465681314, 0.9999862313270569, 0.005100429989397526, -0.0033022037241607904, -0.005096418783068657, 0.9999815225601196]
P: [699.60400390625, 0.0, 631.8889770507812, -44.087188720703125, 0.0, 699.60400390625, 390.23199462890625, 0.0, 0.0, 0.0, 1.0, 0.0]
binning_x: 0
binning_y: 0
roi: 
  x_offset: 0
  y_offset: 0
  height: 0
  width: 0
  do_rectify: False
---
header: 
  seq: 1835
  stamp: 
    secs: 1561560730
    nsecs: 312206687
  frame_id: "right_camera_optical_frame"
height: 720
width: 1280
distortion_model: "plumb_bob"
D: [-0.173226997256279, 0.028091799467802048, 0.0, 0.0, 0.0]
K: [699.60400390625, 0.0, 631.8889770507812, 0.0, 699.60400390625, 390.23199462890625, 0.0, 0.0, 1.0]
R: [0.9999938011169434, -0.0012232770677655935, 0.00329600484110415, 0.0012064429465681314, 0.9999862313270569, 0.005100429989397526, -0.0033022037241607904, -0.005096418783068657, 0.9999815225601196]
P: [699.60400390625, 0.0, 631.8889770507812, -44.087188720703125, 0.0, 699.60400390625, 390.23199462890625, 0.0, 0.0, 0.0, 1.0, 0.0]
binning_x: 0
binning_y: 0
roi: 
  x_offset: 0
  y_offset: 0
  height: 0
  width: 0
  do_rectify: False
---
header: 
  seq: 1836
  stamp: 
    secs: 1561560730
    nsecs: 345582687
  frame_id: "right_camera_optical_frame"
height: 720
width: 1280
distortion_model: "plumb_bob"
D: [-0.173226997256279, 0.028091799467802048, 0.0, 0.0, 0.0]
K: [699.60400390625, 0.0, 631.8889770507812, 0.0, 699.60400390625, 390.23199462890625, 0.0, 0.0, 1.0]
R: [0.9999938011169434, -0.0012232770677655935, 0.00329600484110415, 0.0012064429465681314, 0.9999862313270569, 0.005100429989397526, -0.0033022037241607904, -0.005096418783068657, 0.9999815225601196]
P: [699.60400390625, 0.0, 631.8889770507812, -44.087188720703125, 0.0, 699.60400390625, 390.23199462890625, 0.0, 0.0, 0.0, 1.0, 0.0]
binning_x: 0
binning_y: 0
roi: 
  x_offset: 0
  y_offset: 0
  height: 0
  width: 0
  do_rectify: False
---
header: 
  seq: 1837
  stamp: 
    secs: 1561560730
    nsecs: 378837687
  frame_id: "right_camera_optical_frame"
height: 720
width: 1280
distortion_model: "plumb_bob"
D: [-0.173226997256279, 0.028091799467802048, 0.0, 0.0, 0.0]
K: [699.60400390625, 0.0, 631.8889770507812, 0.0, 699.60400390625, 390.23199462890625, 0.0, 0.0, 1.0]
R: [0.9999938011169434, -0.0012232770677655935, 0.00329600484110415, 0.0012064429465681314, 0.9999862313270569, 0.005100429989397526, -0.0033022037241607904, -0.005096418783068657, 0.9999815225601196]
P: [699.60400390625, 0.0, 631.8889770507812, -44.087188720703125, 0.0, 699.60400390625, 390.23199462890625, 0.0, 0.0, 0.0, 1.0, 0.0]
binning_x: 0
binning_y: 0
roi: 
  x_offset: 0
  y_offset: 0
  height: 0
  width: 0
  do_rectify: False
---
header: 
  seq: 1838
  stamp: 
    secs: 1561560730
    nsecs: 412210687
  frame_id: "right_camera_optical_frame"
height: 720
width: 1280
distortion_model: "plumb_bob"
D: [-0.173226997256279, 0.028091799467802048, 0.0, 0.0, 0.0]
K: [699.60400390625, 0.0, 631.8889770507812, 0.0, 699.60400390625, 390.23199462890625, 0.0, 0.0, 1.0]
R: [0.9999938011169434, -0.0012232770677655935, 0.00329600484110415, 0.0012064429465681314, 0.9999862313270569, 0.005100429989397526, -0.0033022037241607904, -0.005096418783068657, 0.9999815225601196]
P: [699.60400390625, 0.0, 631.8889770507812, -44.087188720703125, 0.0, 699.60400390625, 390.23199462890625, 0.0, 0.0, 0.0, 1.0, 0.0]
binning_x: 0
binning_y: 0
roi: 
  x_offset: 0
  y_offset: 0
  height: 0
  width: 0
  do_rectify: False
---
header: 
  seq: 1839
  stamp: 
    secs: 1561560730
    nsecs: 445584687
  frame_id: "right_camera_optical_frame"
height: 720
width: 1280
distortion_model: "plumb_bob"
D: [-0.173226997256279, 0.028091799467802048, 0.0, 0.0, 0.0]
K: [699.60400390625, 0.0, 631.8889770507812, 0.0, 699.60400390625, 390.23199462890625, 0.0, 0.0, 1.0]
R: [0.9999938011169434, -0.0012232770677655935, 0.00329600484110415, 0.0012064429465681314, 0.9999862313270569, 0.005100429989397526, -0.0033022037241607904, -0.005096418783068657, 0.9999815225601196]
P: [699.60400390625, 0.0, 631.8889770507812, -44.087188720703125, 0.0, 699.60400390625, 390.23199462890625, 0.0, 0.0, 0.0, 1.0, 0.0]
binning_x: 0
binning_y: 0
roi: 
  x_offset: 0
  y_offset: 0
  height: 0
  width: 0
  do_rectify: False
---
header: 
  seq: 1840
  stamp: 
    secs: 1561560730
    nsecs: 478836687
  frame_id: "right_camera_optical_frame"
height: 720
width: 1280
distortion_model: "plumb_bob"
D: [-0.173226997256279, 0.028091799467802048, 0.0, 0.0, 0.0]
K: [699.60400390625, 0.0, 631.8889770507812, 0.0, 699.60400390625, 390.23199462890625, 0.0, 0.0, 1.0]
R: [0.9999938011169434, -0.0012232770677655935, 0.00329600484110415, 0.0012064429465681314, 0.9999862313270569, 0.005100429989397526, -0.0033022037241607904, -0.005096418783068657, 0.9999815225601196]
P: [699.60400390625, 0.0, 631.8889770507812, -44.087188720703125, 0.0, 699.60400390625, 390.23199462890625, 0.0, 0.0, 0.0, 1.0, 0.0]
binning_x: 0
binning_y: 0
roi: 
  x_offset: 0
  y_offset: 0
  height: 0
  width: 0
  do_rectify: False
---
header: 
  seq: 1841
  stamp: 
    secs: 1561560730
    nsecs: 512209687
  frame_id: "right_camera_optical_frame"
height: 720
width: 1280
distortion_model: "plumb_bob"
D: [-0.173226997256279, 0.028091799467802048, 0.0, 0.0, 0.0]
K: [699.60400390625, 0.0, 631.8889770507812, 0.0, 699.60400390625, 390.23199462890625, 0.0, 0.0, 1.0]
R: [0.9999938011169434, -0.0012232770677655935, 0.00329600484110415, 0.0012064429465681314, 0.9999862313270569, 0.005100429989397526, -0.0033022037241607904, -0.005096418783068657, 0.9999815225601196]
P: [699.60400390625, 0.0, 631.8889770507812, -44.087188720703125, 0.0, 699.60400390625, 390.23199462890625, 0.0, 0.0, 0.0, 1.0, 0.0]
binning_x: 0
binning_y: 0
roi: 
  x_offset: 0
  y_offset: 0
  height: 0
  width: 0
  do_rectify: False
---
header: 
  seq: 1842
  stamp: 
    secs: 1561560730
    nsecs: 545584687
  frame_id: "right_camera_optical_frame"
height: 720
width: 1280
distortion_model: "plumb_bob"
D: [-0.173226997256279, 0.028091799467802048, 0.0, 0.0, 0.0]
K: [699.60400390625, 0.0, 631.8889770507812, 0.0, 699.60400390625, 390.23199462890625, 0.0, 0.0, 1.0]
R: [0.9999938011169434, -0.0012232770677655935, 0.00329600484110415, 0.0012064429465681314, 0.9999862313270569, 0.005100429989397526, -0.0033022037241607904, -0.005096418783068657, 0.9999815225601196]
P: [699.60400390625, 0.0, 631.8889770507812, -44.087188720703125, 0.0, 699.60400390625, 390.23199462890625, 0.0, 0.0, 0.0, 1.0, 0.0]
binning_x: 0
binning_y: 0
roi: 
  x_offset: 0
  y_offset: 0
  height: 0
  width: 0
  do_rectify: False
---
header: 
  seq: 1843
  stamp: 
    secs: 1561560730
    nsecs: 578835687
  frame_id: "right_camera_optical_frame"
height: 720
width: 1280
distortion_model: "plumb_bob"
D: [-0.173226997256279, 0.028091799467802048, 0.0, 0.0, 0.0]
K: [699.60400390625, 0.0, 631.8889770507812, 0.0, 699.60400390625, 390.23199462890625, 0.0, 0.0, 1.0]
R: [0.9999938011169434, -0.0012232770677655935, 0.00329600484110415, 0.0012064429465681314, 0.9999862313270569, 0.005100429989397526, -0.0033022037241607904, -0.005096418783068657, 0.9999815225601196]
P: [699.60400390625, 0.0, 631.8889770507812, -44.087188720703125, 0.0, 699.60400390625, 390.23199462890625, 0.0, 0.0, 0.0, 1.0, 0.0]
binning_x: 0
binning_y: 0
roi: 
  x_offset: 0
  y_offset: 0
  height: 0
  width: 0
  do_rectify: False
---
header: 
  seq: 1844
  stamp: 
    secs: 1561560730
    nsecs: 612209687
  frame_id: "right_camera_optical_frame"
height: 720
width: 1280
distortion_model: "plumb_bob"
D: [-0.173226997256279, 0.028091799467802048, 0.0, 0.0, 0.0]
K: [699.60400390625, 0.0, 631.8889770507812, 0.0, 699.60400390625, 390.23199462890625, 0.0, 0.0, 1.0]
R: [0.9999938011169434, -0.0012232770677655935, 0.00329600484110415, 0.0012064429465681314, 0.9999862313270569, 0.005100429989397526, -0.0033022037241607904, -0.005096418783068657, 0.9999815225601196]
P: [699.60400390625, 0.0, 631.8889770507812, -44.087188720703125, 0.0, 699.60400390625, 390.23199462890625, 0.0, 0.0, 0.0, 1.0, 0.0]
binning_x: 0
binning_y: 0
roi: 
  x_offset: 0
  y_offset: 0
  height: 0
  width: 0
  do_rectify: False
---
header: 
  seq: 1845
  stamp: 
    secs: 1561560730
    nsecs: 645585687
  frame_id: "right_camera_optical_frame"
height: 720
width: 1280
distortion_model: "plumb_bob"
D: [-0.173226997256279, 0.028091799467802048, 0.0, 0.0, 0.0]
K: [699.60400390625, 0.0, 631.8889770507812, 0.0, 699.60400390625, 390.23199462890625, 0.0, 0.0, 1.0]
R: [0.9999938011169434, -0.0012232770677655935, 0.00329600484110415, 0.0012064429465681314, 0.9999862313270569, 0.005100429989397526, -0.0033022037241607904, -0.005096418783068657, 0.9999815225601196]
P: [699.60400390625, 0.0, 631.8889770507812, -44.087188720703125, 0.0, 699.60400390625, 390.23199462890625, 0.0, 0.0, 0.0, 1.0, 0.0]
binning_x: 0
binning_y: 0
roi: 
  x_offset: 0
  y_offset: 0
  height: 0
  width: 0
  do_rectify: False
---
header: 
  seq: 1846
  stamp: 
    secs: 1561560730
    nsecs: 678834687
  frame_id: "right_camera_optical_frame"
height: 720
width: 1280
distortion_model: "plumb_bob"
D: [-0.173226997256279, 0.028091799467802048, 0.0, 0.0, 0.0]
K: [699.60400390625, 0.0, 631.8889770507812, 0.0, 699.60400390625, 390.23199462890625, 0.0, 0.0, 1.0]
R: [0.9999938011169434, -0.0012232770677655935, 0.00329600484110415, 0.0012064429465681314, 0.9999862313270569, 0.005100429989397526, -0.0033022037241607904, -0.005096418783068657, 0.9999815225601196]
P: [699.60400390625, 0.0, 631.8889770507812, -44.087188720703125, 0.0, 699.60400390625, 390.23199462890625, 0.0, 0.0, 0.0, 1.0, 0.0]
binning_x: 0
binning_y: 0
roi: 
  x_offset: 0
  y_offset: 0
  height: 0
  width: 0
  do_rectify: False
---
header: 
  seq: 1847
  stamp: 
    secs: 1561560730
    nsecs: 712208687
  frame_id: "right_camera_optical_frame"
height: 720
width: 1280
distortion_model: "plumb_bob"
D: [-0.173226997256279, 0.028091799467802048, 0.0, 0.0, 0.0]
K: [699.60400390625, 0.0, 631.8889770507812, 0.0, 699.60400390625, 390.23199462890625, 0.0, 0.0, 1.0]
R: [0.9999938011169434, -0.0012232770677655935, 0.00329600484110415, 0.0012064429465681314, 0.9999862313270569, 0.005100429989397526, -0.0033022037241607904, -0.005096418783068657, 0.9999815225601196]
P: [699.60400390625, 0.0, 631.8889770507812, -44.087188720703125, 0.0, 699.60400390625, 390.23199462890625, 0.0, 0.0, 0.0, 1.0, 0.0]
binning_x: 0
binning_y: 0
roi: 
  x_offset: 0
  y_offset: 0
  height: 0
  width: 0
  do_rectify: False
---
header: 
  seq: 1848
  stamp: 
    secs: 1561560730
    nsecs: 745588687
  frame_id: "right_camera_optical_frame"
height: 720
width: 1280
distortion_model: "plumb_bob"
D: [-0.173226997256279, 0.028091799467802048, 0.0, 0.0, 0.0]
K: [699.60400390625, 0.0, 631.8889770507812, 0.0, 699.60400390625, 390.23199462890625, 0.0, 0.0, 1.0]
R: [0.9999938011169434, -0.0012232770677655935, 0.00329600484110415, 0.0012064429465681314, 0.9999862313270569, 0.005100429989397526, -0.0033022037241607904, -0.005096418783068657, 0.9999815225601196]
P: [699.60400390625, 0.0, 631.8889770507812, -44.087188720703125, 0.0, 699.60400390625, 390.23199462890625, 0.0, 0.0, 0.0, 1.0, 0.0]
binning_x: 0
binning_y: 0
roi: 
  x_offset: 0
  y_offset: 0
  height: 0
  width: 0
  do_rectify: False
---
header: 
  seq: 1849
  stamp: 
    secs: 1561560730
    nsecs: 778836687
  frame_id: "right_camera_optical_frame"
height: 720
width: 1280
distortion_model: "plumb_bob"
D: [-0.173226997256279, 0.028091799467802048, 0.0, 0.0, 0.0]
K: [699.60400390625, 0.0, 631.8889770507812, 0.0, 699.60400390625, 390.23199462890625, 0.0, 0.0, 1.0]
R: [0.9999938011169434, -0.0012232770677655935, 0.00329600484110415, 0.0012064429465681314, 0.9999862313270569, 0.005100429989397526, -0.0033022037241607904, -0.005096418783068657, 0.9999815225601196]
P: [699.60400390625, 0.0, 631.8889770507812, -44.087188720703125, 0.0, 699.60400390625, 390.23199462890625, 0.0, 0.0, 0.0, 1.0, 0.0]
binning_x: 0
binning_y: 0
roi: 
  x_offset: 0
  y_offset: 0
  height: 0
  width: 0
  do_rectify: False
---
header: 
  seq: 1850
  stamp: 
    secs: 1561560730
    nsecs: 812223687
  frame_id: "right_camera_optical_frame"
height: 720
width: 1280
distortion_model: "plumb_bob"
D: [-0.173226997256279, 0.028091799467802048, 0.0, 0.0, 0.0]
K: [699.60400390625, 0.0, 631.8889770507812, 0.0, 699.60400390625, 390.23199462890625, 0.0, 0.0, 1.0]
R: [0.9999938011169434, -0.0012232770677655935, 0.00329600484110415, 0.0012064429465681314, 0.9999862313270569, 0.005100429989397526, -0.0033022037241607904, -0.005096418783068657, 0.9999815225601196]
P: [699.60400390625, 0.0, 631.8889770507812, -44.087188720703125, 0.0, 699.60400390625, 390.23199462890625, 0.0, 0.0, 0.0, 1.0, 0.0]
binning_x: 0
binning_y: 0
roi: 
  x_offset: 0
  y_offset: 0
  height: 0
  width: 0
  do_rectify: False
---
header: 
  seq: 1851
  stamp: 
    secs: 1561560730
    nsecs: 845600687
  frame_id: "right_camera_optical_frame"
height: 720
width: 1280
distortion_model: "plumb_bob"
D: [-0.173226997256279, 0.028091799467802048, 0.0, 0.0, 0.0]
K: [699.60400390625, 0.0, 631.8889770507812, 0.0, 699.60400390625, 390.23199462890625, 0.0, 0.0, 1.0]
R: [0.9999938011169434, -0.0012232770677655935, 0.00329600484110415, 0.0012064429465681314, 0.9999862313270569, 0.005100429989397526, -0.0033022037241607904, -0.005096418783068657, 0.9999815225601196]
P: [699.60400390625, 0.0, 631.8889770507812, -44.087188720703125, 0.0, 699.60400390625, 390.23199462890625, 0.0, 0.0, 0.0, 1.0, 0.0]
binning_x: 0
binning_y: 0
roi: 
  x_offset: 0
  y_offset: 0
  height: 0
  width: 0
  do_rectify: False
---
header: 
  seq: 1852
  stamp: 
    secs: 1561560730
    nsecs: 878847687
  frame_id: "right_camera_optical_frame"
height: 720
width: 1280
distortion_model: "plumb_bob"
D: [-0.173226997256279, 0.028091799467802048, 0.0, 0.0, 0.0]
K: [699.60400390625, 0.0, 631.8889770507812, 0.0, 699.60400390625, 390.23199462890625, 0.0, 0.0, 1.0]
R: [0.9999938011169434, -0.0012232770677655935, 0.00329600484110415, 0.0012064429465681314, 0.9999862313270569, 0.005100429989397526, -0.0033022037241607904, -0.005096418783068657, 0.9999815225601196]
P: [699.60400390625, 0.0, 631.8889770507812, -44.087188720703125, 0.0, 699.60400390625, 390.23199462890625, 0.0, 0.0, 0.0, 1.0, 0.0]
binning_x: 0
binning_y: 0
roi: 
  x_offset: 0
  y_offset: 0
  height: 0
  width: 0
  do_rectify: False
---
header: 
  seq: 1853
  stamp: 
    secs: 1561560730
    nsecs: 912208687
  frame_id: "right_camera_optical_frame"
height: 720
width: 1280
distortion_model: "plumb_bob"
D: [-0.173226997256279, 0.028091799467802048, 0.0, 0.0, 0.0]
K: [699.60400390625, 0.0, 631.8889770507812, 0.0, 699.60400390625, 390.23199462890625, 0.0, 0.0, 1.0]
R: [0.9999938011169434, -0.0012232770677655935, 0.00329600484110415, 0.0012064429465681314, 0.9999862313270569, 0.005100429989397526, -0.0033022037241607904, -0.005096418783068657, 0.9999815225601196]
P: [699.60400390625, 0.0, 631.8889770507812, -44.087188720703125, 0.0, 699.60400390625, 390.23199462890625, 0.0, 0.0, 0.0, 1.0, 0.0]
binning_x: 0
binning_y: 0
roi: 
  x_offset: 0
  y_offset: 0
  height: 0
  width: 0
  do_rectify: False
---
header: 
  seq: 1854
  stamp: 
    secs: 1561560730
    nsecs: 945584687
  frame_id: "right_camera_optical_frame"
height: 720
width: 1280
distortion_model: "plumb_bob"
D: [-0.173226997256279, 0.028091799467802048, 0.0, 0.0, 0.0]
K: [699.60400390625, 0.0, 631.8889770507812, 0.0, 699.60400390625, 390.23199462890625, 0.0, 0.0, 1.0]
R: [0.9999938011169434, -0.0012232770677655935, 0.00329600484110415, 0.0012064429465681314, 0.9999862313270569, 0.005100429989397526, -0.0033022037241607904, -0.005096418783068657, 0.9999815225601196]
P: [699.60400390625, 0.0, 631.8889770507812, -44.087188720703125, 0.0, 699.60400390625, 390.23199462890625, 0.0, 0.0, 0.0, 1.0, 0.0]
binning_x: 0
binning_y: 0
roi: 
  x_offset: 0
  y_offset: 0
  height: 0
  width: 0
  do_rectify: False
---
header: 
  seq: 1855
  stamp: 
    secs: 1561560730
    nsecs: 978961687
  frame_id: "right_camera_optical_frame"
height: 720
width: 1280
distortion_model: "plumb_bob"
D: [-0.173226997256279, 0.028091799467802048, 0.0, 0.0, 0.0]
K: [699.60400390625, 0.0, 631.8889770507812, 0.0, 699.60400390625, 390.23199462890625, 0.0, 0.0, 1.0]
R: [0.9999938011169434, -0.0012232770677655935, 0.00329600484110415, 0.0012064429465681314, 0.9999862313270569, 0.005100429989397526, -0.0033022037241607904, -0.005096418783068657, 0.9999815225601196]
P: [699.60400390625, 0.0, 631.8889770507812, -44.087188720703125, 0.0, 699.60400390625, 390.23199462890625, 0.0, 0.0, 0.0, 1.0, 0.0]
binning_x: 0
binning_y: 0
roi: 
  x_offset: 0
  y_offset: 0
  height: 0
  width: 0
  do_rectify: False
---
header: 
  seq: 1856
  stamp: 
    secs: 1561560731
    nsecs:  12207687
  frame_id: "right_camera_optical_frame"
height: 720
width: 1280
distortion_model: "plumb_bob"
D: [-0.173226997256279, 0.028091799467802048, 0.0, 0.0, 0.0]
K: [699.60400390625, 0.0, 631.8889770507812, 0.0, 699.60400390625, 390.23199462890625, 0.0, 0.0, 1.0]
R: [0.9999938011169434, -0.0012232770677655935, 0.00329600484110415, 0.0012064429465681314, 0.9999862313270569, 0.005100429989397526, -0.0033022037241607904, -0.005096418783068657, 0.9999815225601196]
P: [699.60400390625, 0.0, 631.8889770507812, -44.087188720703125, 0.0, 699.60400390625, 390.23199462890625, 0.0, 0.0, 0.0, 1.0, 0.0]
binning_x: 0
binning_y: 0
roi: 
  x_offset: 0
  y_offset: 0
  height: 0
  width: 0
  do_rectify: False
---
header: 
  seq: 1857
  stamp: 
    secs: 1561560731
    nsecs:  45582687
  frame_id: "right_camera_optical_frame"
height: 720
width: 1280
distortion_model: "plumb_bob"
D: [-0.173226997256279, 0.028091799467802048, 0.0, 0.0, 0.0]
K: [699.60400390625, 0.0, 631.8889770507812, 0.0, 699.60400390625, 390.23199462890625, 0.0, 0.0, 1.0]
R: [0.9999938011169434, -0.0012232770677655935, 0.00329600484110415, 0.0012064429465681314, 0.9999862313270569, 0.005100429989397526, -0.0033022037241607904, -0.005096418783068657, 0.9999815225601196]
P: [699.60400390625, 0.0, 631.8889770507812, -44.087188720703125, 0.0, 699.60400390625, 390.23199462890625, 0.0, 0.0, 0.0, 1.0, 0.0]
binning_x: 0
binning_y: 0
roi: 
  x_offset: 0
  y_offset: 0
  height: 0
  width: 0
  do_rectify: False
---
header: 
  seq: 1858
  stamp: 
    secs: 1561560731
    nsecs:  78958687
  frame_id: "right_camera_optical_frame"
height: 720
width: 1280
distortion_model: "plumb_bob"
D: [-0.173226997256279, 0.028091799467802048, 0.0, 0.0, 0.0]
K: [699.60400390625, 0.0, 631.8889770507812, 0.0, 699.60400390625, 390.23199462890625, 0.0, 0.0, 1.0]
R: [0.9999938011169434, -0.0012232770677655935, 0.00329600484110415, 0.0012064429465681314, 0.9999862313270569, 0.005100429989397526, -0.0033022037241607904, -0.005096418783068657, 0.9999815225601196]
P: [699.60400390625, 0.0, 631.8889770507812, -44.087188720703125, 0.0, 699.60400390625, 390.23199462890625, 0.0, 0.0, 0.0, 1.0, 0.0]
binning_x: 0
binning_y: 0
roi: 
  x_offset: 0
  y_offset: 0
  height: 0
  width: 0
  do_rectify: False
---
header: 
  seq: 1859
  stamp: 
    secs: 1561560731
    nsecs: 112210687
  frame_id: "right_camera_optical_frame"
height: 720
width: 1280
distortion_model: "plumb_bob"
D: [-0.173226997256279, 0.028091799467802048, 0.0, 0.0, 0.0]
K: [699.60400390625, 0.0, 631.8889770507812, 0.0, 699.60400390625, 390.23199462890625, 0.0, 0.0, 1.0]
R: [0.9999938011169434, -0.0012232770677655935, 0.00329600484110415, 0.0012064429465681314, 0.9999862313270569, 0.005100429989397526, -0.0033022037241607904, -0.005096418783068657, 0.9999815225601196]
P: [699.60400390625, 0.0, 631.8889770507812, -44.087188720703125, 0.0, 699.60400390625, 390.23199462890625, 0.0, 0.0, 0.0, 1.0, 0.0]
binning_x: 0
binning_y: 0
roi: 
  x_offset: 0
  y_offset: 0
  height: 0
  width: 0
  do_rectify: False
---
header: 
  seq: 1860
  stamp: 
    secs: 1561560731
    nsecs: 145583687
  frame_id: "right_camera_optical_frame"
height: 720
width: 1280
distortion_model: "plumb_bob"
D: [-0.173226997256279, 0.028091799467802048, 0.0, 0.0, 0.0]
K: [699.60400390625, 0.0, 631.8889770507812, 0.0, 699.60400390625, 390.23199462890625, 0.0, 0.0, 1.0]
R: [0.9999938011169434, -0.0012232770677655935, 0.00329600484110415, 0.0012064429465681314, 0.9999862313270569, 0.005100429989397526, -0.0033022037241607904, -0.005096418783068657, 0.9999815225601196]
P: [699.60400390625, 0.0, 631.8889770507812, -44.087188720703125, 0.0, 699.60400390625, 390.23199462890625, 0.0, 0.0, 0.0, 1.0, 0.0]
binning_x: 0
binning_y: 0
roi: 
  x_offset: 0
  y_offset: 0
  height: 0
  width: 0
  do_rectify: False
---
header: 
  seq: 1861
  stamp: 
    secs: 1561560731
    nsecs: 178957687
  frame_id: "right_camera_optical_frame"
height: 720
width: 1280
distortion_model: "plumb_bob"
D: [-0.173226997256279, 0.028091799467802048, 0.0, 0.0, 0.0]
K: [699.60400390625, 0.0, 631.8889770507812, 0.0, 699.60400390625, 390.23199462890625, 0.0, 0.0, 1.0]
R: [0.9999938011169434, -0.0012232770677655935, 0.00329600484110415, 0.0012064429465681314, 0.9999862313270569, 0.005100429989397526, -0.0033022037241607904, -0.005096418783068657, 0.9999815225601196]
P: [699.60400390625, 0.0, 631.8889770507812, -44.087188720703125, 0.0, 699.60400390625, 390.23199462890625, 0.0, 0.0, 0.0, 1.0, 0.0]
binning_x: 0
binning_y: 0
roi: 
  x_offset: 0
  y_offset: 0
  height: 0
  width: 0
  do_rectify: False
---
header: 
  seq: 1862
  stamp: 
    secs: 1561560731
    nsecs: 212206687
  frame_id: "right_camera_optical_frame"
height: 720
width: 1280
distortion_model: "plumb_bob"
D: [-0.173226997256279, 0.028091799467802048, 0.0, 0.0, 0.0]
K: [699.60400390625, 0.0, 631.8889770507812, 0.0, 699.60400390625, 390.23199462890625, 0.0, 0.0, 1.0]
R: [0.9999938011169434, -0.0012232770677655935, 0.00329600484110415, 0.0012064429465681314, 0.9999862313270569, 0.005100429989397526, -0.0033022037241607904, -0.005096418783068657, 0.9999815225601196]
P: [699.60400390625, 0.0, 631.8889770507812, -44.087188720703125, 0.0, 699.60400390625, 390.23199462890625, 0.0, 0.0, 0.0, 1.0, 0.0]
binning_x: 0
binning_y: 0
roi: 
  x_offset: 0
  y_offset: 0
  height: 0
  width: 0
  do_rectify: False
---
header: 
  seq: 1863
  stamp: 
    secs: 1561560731
    nsecs: 245581687
  frame_id: "right_camera_optical_frame"
height: 720
width: 1280
distortion_model: "plumb_bob"
D: [-0.173226997256279, 0.028091799467802048, 0.0, 0.0, 0.0]
K: [699.60400390625, 0.0, 631.8889770507812, 0.0, 699.60400390625, 390.23199462890625, 0.0, 0.0, 1.0]
R: [0.9999938011169434, -0.0012232770677655935, 0.00329600484110415, 0.0012064429465681314, 0.9999862313270569, 0.005100429989397526, -0.0033022037241607904, -0.005096418783068657, 0.9999815225601196]
P: [699.60400390625, 0.0, 631.8889770507812, -44.087188720703125, 0.0, 699.60400390625, 390.23199462890625, 0.0, 0.0, 0.0, 1.0, 0.0]
binning_x: 0
binning_y: 0
roi: 
  x_offset: 0
  y_offset: 0
  height: 0
  width: 0
  do_rectify: False
---
header: 
  seq: 1864
  stamp: 
    secs: 1561560731
    nsecs: 278956687
  frame_id: "right_camera_optical_frame"
height: 720
width: 1280
distortion_model: "plumb_bob"
D: [-0.173226997256279, 0.028091799467802048, 0.0, 0.0, 0.0]
K: [699.60400390625, 0.0, 631.8889770507812, 0.0, 699.60400390625, 390.23199462890625, 0.0, 0.0, 1.0]
R: [0.9999938011169434, -0.0012232770677655935, 0.00329600484110415, 0.0012064429465681314, 0.9999862313270569, 0.005100429989397526, -0.0033022037241607904, -0.005096418783068657, 0.9999815225601196]
P: [699.60400390625, 0.0, 631.8889770507812, -44.087188720703125, 0.0, 699.60400390625, 390.23199462890625, 0.0, 0.0, 0.0, 1.0, 0.0]
binning_x: 0
binning_y: 0
roi: 
  x_offset: 0
  y_offset: 0
  height: 0
  width: 0
  do_rectify: False
---
header: 
  seq: 1865
  stamp: 
    secs: 1561560731
    nsecs: 312206687
  frame_id: "right_camera_optical_frame"
height: 720
width: 1280
distortion_model: "plumb_bob"
D: [-0.173226997256279, 0.028091799467802048, 0.0, 0.0, 0.0]
K: [699.60400390625, 0.0, 631.8889770507812, 0.0, 699.60400390625, 390.23199462890625, 0.0, 0.0, 1.0]
R: [0.9999938011169434, -0.0012232770677655935, 0.00329600484110415, 0.0012064429465681314, 0.9999862313270569, 0.005100429989397526, -0.0033022037241607904, -0.005096418783068657, 0.9999815225601196]
P: [699.60400390625, 0.0, 631.8889770507812, -44.087188720703125, 0.0, 699.60400390625, 390.23199462890625, 0.0, 0.0, 0.0, 1.0, 0.0]
binning_x: 0
binning_y: 0
roi: 
  x_offset: 0
  y_offset: 0
  height: 0
  width: 0
  do_rectify: False
---
header: 
  seq: 1866
  stamp: 
    secs: 1561560731
    nsecs: 345581687
  frame_id: "right_camera_optical_frame"
height: 720
width: 1280
distortion_model: "plumb_bob"
D: [-0.173226997256279, 0.028091799467802048, 0.0, 0.0, 0.0]
K: [699.60400390625, 0.0, 631.8889770507812, 0.0, 699.60400390625, 390.23199462890625, 0.0, 0.0, 1.0]
R: [0.9999938011169434, -0.0012232770677655935, 0.00329600484110415, 0.0012064429465681314, 0.9999862313270569, 0.005100429989397526, -0.0033022037241607904, -0.005096418783068657, 0.9999815225601196]
P: [699.60400390625, 0.0, 631.8889770507812, -44.087188720703125, 0.0, 699.60400390625, 390.23199462890625, 0.0, 0.0, 0.0, 1.0, 0.0]
binning_x: 0
binning_y: 0
roi: 
  x_offset: 0
  y_offset: 0
  height: 0
  width: 0
  do_rectify: False
---
header: 
  seq: 1867
  stamp: 
    secs: 1561560731
    nsecs: 378956687
  frame_id: "right_camera_optical_frame"
height: 720
width: 1280
distortion_model: "plumb_bob"
D: [-0.173226997256279, 0.028091799467802048, 0.0, 0.0, 0.0]
K: [699.60400390625, 0.0, 631.8889770507812, 0.0, 699.60400390625, 390.23199462890625, 0.0, 0.0, 1.0]
R: [0.9999938011169434, -0.0012232770677655935, 0.00329600484110415, 0.0012064429465681314, 0.9999862313270569, 0.005100429989397526, -0.0033022037241607904, -0.005096418783068657, 0.9999815225601196]
P: [699.60400390625, 0.0, 631.8889770507812, -44.087188720703125, 0.0, 699.60400390625, 390.23199462890625, 0.0, 0.0, 0.0, 1.0, 0.0]
binning_x: 0
binning_y: 0
roi: 
  x_offset: 0
  y_offset: 0
  height: 0
  width: 0
  do_rectify: False
---
header: 
  seq: 1868
  stamp: 
    secs: 1561560731
    nsecs: 412209687
  frame_id: "right_camera_optical_frame"
height: 720
width: 1280
distortion_model: "plumb_bob"
D: [-0.173226997256279, 0.028091799467802048, 0.0, 0.0, 0.0]
K: [699.60400390625, 0.0, 631.8889770507812, 0.0, 699.60400390625, 390.23199462890625, 0.0, 0.0, 1.0]
R: [0.9999938011169434, -0.0012232770677655935, 0.00329600484110415, 0.0012064429465681314, 0.9999862313270569, 0.005100429989397526, -0.0033022037241607904, -0.005096418783068657, 0.9999815225601196]
P: [699.60400390625, 0.0, 631.8889770507812, -44.087188720703125, 0.0, 699.60400390625, 390.23199462890625, 0.0, 0.0, 0.0, 1.0, 0.0]
binning_x: 0
binning_y: 0
roi: 
  x_offset: 0
  y_offset: 0
  height: 0
  width: 0
  do_rectify: False
---
header: 
  seq: 1869
  stamp: 
    secs: 1561560731
    nsecs: 445581687
  frame_id: "right_camera_optical_frame"
height: 720
width: 1280
distortion_model: "plumb_bob"
D: [-0.173226997256279, 0.028091799467802048, 0.0, 0.0, 0.0]
K: [699.60400390625, 0.0, 631.8889770507812, 0.0, 699.60400390625, 390.23199462890625, 0.0, 0.0, 1.0]
R: [0.9999938011169434, -0.0012232770677655935, 0.00329600484110415, 0.0012064429465681314, 0.9999862313270569, 0.005100429989397526, -0.0033022037241607904, -0.005096418783068657, 0.9999815225601196]
P: [699.60400390625, 0.0, 631.8889770507812, -44.087188720703125, 0.0, 699.60400390625, 390.23199462890625, 0.0, 0.0, 0.0, 1.0, 0.0]
binning_x: 0
binning_y: 0
roi: 
  x_offset: 0
  y_offset: 0
  height: 0
  width: 0
  do_rectify: False
---
header: 
  seq: 1870
  stamp: 
    secs: 1561560731
    nsecs: 478956687
  frame_id: "right_camera_optical_frame"
height: 720
width: 1280
distortion_model: "plumb_bob"
D: [-0.173226997256279, 0.028091799467802048, 0.0, 0.0, 0.0]
K: [699.60400390625, 0.0, 631.8889770507812, 0.0, 699.60400390625, 390.23199462890625, 0.0, 0.0, 1.0]
R: [0.9999938011169434, -0.0012232770677655935, 0.00329600484110415, 0.0012064429465681314, 0.9999862313270569, 0.005100429989397526, -0.0033022037241607904, -0.005096418783068657, 0.9999815225601196]
P: [699.60400390625, 0.0, 631.8889770507812, -44.087188720703125, 0.0, 699.60400390625, 390.23199462890625, 0.0, 0.0, 0.0, 1.0, 0.0]
binning_x: 0
binning_y: 0
roi: 
  x_offset: 0
  y_offset: 0
  height: 0
  width: 0
  do_rectify: False
---
header: 
  seq: 1871
  stamp: 
    secs: 1561560731
    nsecs: 512204687
  frame_id: "right_camera_optical_frame"
height: 720
width: 1280
distortion_model: "plumb_bob"
D: [-0.173226997256279, 0.028091799467802048, 0.0, 0.0, 0.0]
K: [699.60400390625, 0.0, 631.8889770507812, 0.0, 699.60400390625, 390.23199462890625, 0.0, 0.0, 1.0]
R: [0.9999938011169434, -0.0012232770677655935, 0.00329600484110415, 0.0012064429465681314, 0.9999862313270569, 0.005100429989397526, -0.0033022037241607904, -0.005096418783068657, 0.9999815225601196]
