header: 
  seq: 3396
  stamp: 
    secs: 1561995320
    nsecs: 217097496
  frame_id: "zed_right_camera_optical_frame"
height: 376
width: 672
distortion_model: "plumb_bob"
D: [-0.1720460057258606, 0.026544200256466866, 0.0, 0.0, 0.0]
K: [350.0429992675781, 0.0, 331.5719909667969, 0.0, 350.0429992675781, 201.7949981689453, 0.0, 0.0, 1.0]
R: [0.999994695186615, 2.9235270631033927e-05, 0.0032551416661590338, -4.8774920287542045e-05, 0.9999819993972778, 0.005997919477522373, -0.003254907438531518, -0.005998046137392521, 0.9999766945838928]
P: [350.0429992675781, 0.0, 331.5719909667969, -22.03535270690918, 0.0, 350.0429992675781, 201.7949981689453, 0.0, 0.0, 0.0, 1.0, 0.0]
binning_x: 0
binning_y: 0
roi: 
  x_offset: 0
  y_offset: 0
  height: 0
  width: 0
  do_rectify: False
---
header: 
  seq: 3397
  stamp: 
    secs: 1561995320
    nsecs: 233836496
  frame_id: "zed_right_camera_optical_frame"
height: 376
width: 672
distortion_model: "plumb_bob"
D: [-0.1720460057258606, 0.026544200256466866, 0.0, 0.0, 0.0]
K: [350.0429992675781, 0.0, 331.5719909667969, 0.0, 350.0429992675781, 201.7949981689453, 0.0, 0.0, 1.0]
R: [0.999994695186615, 2.9235270631033927e-05, 0.0032551416661590338, -4.8774920287542045e-05, 0.9999819993972778, 0.005997919477522373, -0.003254907438531518, -0.005998046137392521, 0.9999766945838928]
P: [350.0429992675781, 0.0, 331.5719909667969, -22.03535270690918, 0.0, 350.0429992675781, 201.7949981689453, 0.0, 0.0, 0.0, 1.0, 0.0]
binning_x: 0
binning_y: 0
roi: 
  x_offset: 0
  y_offset: 0
  height: 0
  width: 0
  do_rectify: False
---
header: 
  seq: 3398
  stamp: 
    secs: 1561995320
    nsecs: 250473496
  frame_id: "zed_right_camera_optical_frame"
height: 376
width: 672
distortion_model: "plumb_bob"
D: [-0.1720460057258606, 0.026544200256466866, 0.0, 0.0, 0.0]
K: [350.0429992675781, 0.0, 331.5719909667969, 0.0, 350.0429992675781, 201.7949981689453, 0.0, 0.0, 1.0]
R: [0.999994695186615, 2.9235270631033927e-05, 0.0032551416661590338, -4.8774920287542045e-05, 0.9999819993972778, 0.005997919477522373, -0.003254907438531518, -0.005998046137392521, 0.9999766945838928]
P: [350.0429992675781, 0.0, 331.5719909667969, -22.03535270690918, 0.0, 350.0429992675781, 201.7949981689453, 0.0, 0.0, 0.0, 1.0, 0.0]
binning_x: 0
binning_y: 0
roi: 
  x_offset: 0
  y_offset: 0
  height: 0
  width: 0
  do_rectify: False
---
header: 
  seq: 3399
  stamp: 
    secs: 1561995320
    nsecs: 267205496
  frame_id: "zed_right_camera_optical_frame"
height: 376
width: 672
distortion_model: "plumb_bob"
D: [-0.1720460057258606, 0.026544200256466866, 0.0, 0.0, 0.0]
K: [350.0429992675781, 0.0, 331.5719909667969, 0.0, 350.0429992675781, 201.7949981689453, 0.0, 0.0, 1.0]
R: [0.999994695186615, 2.9235270631033927e-05, 0.0032551416661590338, -4.8774920287542045e-05, 0.9999819993972778, 0.005997919477522373, -0.003254907438531518, -0.005998046137392521, 0.9999766945838928]
P: [350.0429992675781, 0.0, 331.5719909667969, -22.03535270690918, 0.0, 350.0429992675781, 201.7949981689453, 0.0, 0.0, 0.0, 1.0, 0.0]
binning_x: 0
binning_y: 0
roi: 
  x_offset: 0
  y_offset: 0
  height: 0
  width: 0
  do_rectify: False
---
header: 
  seq: 3400
  stamp: 
    secs: 1561995320
    nsecs: 283847496
  frame_id: "zed_right_camera_optical_frame"
height: 376
width: 672
distortion_model: "plumb_bob"
D: [-0.1720460057258606, 0.026544200256466866, 0.0, 0.0, 0.0]
K: [350.0429992675781, 0.0, 331.5719909667969, 0.0, 350.0429992675781, 201.7949981689453, 0.0, 0.0, 1.0]
R: [0.999994695186615, 2.9235270631033927e-05, 0.0032551416661590338, -4.8774920287542045e-05, 0.9999819993972778, 0.005997919477522373, -0.003254907438531518, -0.005998046137392521, 0.9999766945838928]
P: [350.0429992675781, 0.0, 331.5719909667969, -22.03535270690918, 0.0, 350.0429992675781, 201.7949981689453, 0.0, 0.0, 0.0, 1.0, 0.0]
binning_x: 0
binning_y: 0
roi: 
  x_offset: 0
  y_offset: 0
  height: 0
  width: 0
  do_rectify: False
---
header: 
  seq: 3401
  stamp: 
    secs: 1561995320
    nsecs: 300581496
  frame_id: "zed_right_camera_optical_frame"
height: 376
width: 672
distortion_model: "plumb_bob"
D: [-0.1720460057258606, 0.026544200256466866, 0.0, 0.0, 0.0]
K: [350.0429992675781, 0.0, 331.5719909667969, 0.0, 350.0429992675781, 201.7949981689453, 0.0, 0.0, 1.0]
R: [0.999994695186615, 2.9235270631033927e-05, 0.0032551416661590338, -4.8774920287542045e-05, 0.9999819993972778, 0.005997919477522373, -0.003254907438531518, -0.005998046137392521, 0.9999766945838928]
P: [350.0429992675781, 0.0, 331.5719909667969, -22.03535270690918, 0.0, 350.0429992675781, 201.7949981689453, 0.0, 0.0, 0.0, 1.0, 0.0]
binning_x: 0
binning_y: 0
roi: 
  x_offset: 0
  y_offset: 0
  height: 0
  width: 0
  do_rectify: False
---
header: 
  seq: 3402
  stamp: 
    secs: 1561995320
    nsecs: 317207496
  frame_id: "zed_right_camera_optical_frame"
height: 376
width: 672
distortion_model: "plumb_bob"
D: [-0.1720460057258606, 0.026544200256466866, 0.0, 0.0, 0.0]
K: [350.0429992675781, 0.0, 331.5719909667969, 0.0, 350.0429992675781, 201.7949981689453, 0.0, 0.0, 1.0]
R: [0.999994695186615, 2.9235270631033927e-05, 0.0032551416661590338, -4.8774920287542045e-05, 0.9999819993972778, 0.005997919477522373, -0.003254907438531518, -0.005998046137392521, 0.9999766945838928]
P: [350.0429992675781, 0.0, 331.5719909667969, -22.03535270690918, 0.0, 350.0429992675781, 201.7949981689453, 0.0, 0.0, 0.0, 1.0, 0.0]
binning_x: 0
binning_y: 0
roi: 
  x_offset: 0
  y_offset: 0
  height: 0
  width: 0
  do_rectify: False
---
header: 
  seq: 3403
  stamp: 
    secs: 1561995320
    nsecs: 333955496
  frame_id: "zed_right_camera_optical_frame"
height: 376
width: 672
distortion_model: "plumb_bob"
D: [-0.1720460057258606, 0.026544200256466866, 0.0, 0.0, 0.0]
K: [350.0429992675781, 0.0, 331.5719909667969, 0.0, 350.0429992675781, 201.7949981689453, 0.0, 0.0, 1.0]
R: [0.999994695186615, 2.9235270631033927e-05, 0.0032551416661590338, -4.8774920287542045e-05, 0.9999819993972778, 0.005997919477522373, -0.003254907438531518, -0.005998046137392521, 0.9999766945838928]
P: [350.0429992675781, 0.0, 331.5719909667969, -22.03535270690918, 0.0, 350.0429992675781, 201.7949981689453, 0.0, 0.0, 0.0, 1.0, 0.0]
binning_x: 0
binning_y: 0
roi: 
  x_offset: 0
  y_offset: 0
  height: 0
  width: 0
  do_rectify: False
---
header: 
  seq: 3404
  stamp: 
    secs: 1561995320
    nsecs: 350593496
  frame_id: "zed_right_camera_optical_frame"
height: 376
width: 672
distortion_model: "plumb_bob"
D: [-0.1720460057258606, 0.026544200256466866, 0.0, 0.0, 0.0]
K: [350.0429992675781, 0.0, 331.5719909667969, 0.0, 350.0429992675781, 201.7949981689453, 0.0, 0.0, 1.0]
R: [0.999994695186615, 2.9235270631033927e-05, 0.0032551416661590338, -4.8774920287542045e-05, 0.9999819993972778, 0.005997919477522373, -0.003254907438531518, -0.005998046137392521, 0.9999766945838928]
P: [350.0429992675781, 0.0, 331.5719909667969, -22.03535270690918, 0.0, 350.0429992675781, 201.7949981689453, 0.0, 0.0, 0.0, 1.0, 0.0]
binning_x: 0
binning_y: 0
roi: 
  x_offset: 0
  y_offset: 0
  height: 0
  width: 0
  do_rectify: False
---
header: 
  seq: 3405
  stamp: 
    secs: 1561995320
    nsecs: 367330496
  frame_id: "zed_right_camera_optical_frame"
height: 376
width: 672
distortion_model: "plumb_bob"
D: [-0.1720460057258606, 0.026544200256466866, 0.0, 0.0, 0.0]
K: [350.0429992675781, 0.0, 331.5719909667969, 0.0, 350.0429992675781, 201.7949981689453, 0.0, 0.0, 1.0]
R: [0.999994695186615, 2.9235270631033927e-05, 0.0032551416661590338, -4.8774920287542045e-05, 0.9999819993972778, 0.005997919477522373, -0.003254907438531518, -0.005998046137392521, 0.9999766945838928]
P: [350.0429992675781, 0.0, 331.5719909667969, -22.03535270690918, 0.0, 350.0429992675781, 201.7949981689453, 0.0, 0.0, 0.0, 1.0, 0.0]
binning_x: 0
binning_y: 0
roi: 
  x_offset: 0
  y_offset: 0
  height: 0
  width: 0
  do_rectify: False
---
header: 
  seq: 3406
  stamp: 
    secs: 1561995320
    nsecs: 384079496
  frame_id: "zed_right_camera_optical_frame"
height: 376
width: 672
distortion_model: "plumb_bob"
D: [-0.1720460057258606, 0.026544200256466866, 0.0, 0.0, 0.0]
K: [350.0429992675781, 0.0, 331.5719909667969, 0.0, 350.0429992675781, 201.7949981689453, 0.0, 0.0, 1.0]
R: [0.999994695186615, 2.9235270631033927e-05, 0.0032551416661590338, -4.8774920287542045e-05, 0.9999819993972778, 0.005997919477522373, -0.003254907438531518, -0.005998046137392521, 0.9999766945838928]
P: [350.0429992675781, 0.0, 331.5719909667969, -22.03535270690918, 0.0, 350.0429992675781, 201.7949981689453, 0.0, 0.0, 0.0, 1.0, 0.0]
binning_x: 0
binning_y: 0
roi: 
  x_offset: 0
  y_offset: 0
  height: 0
  width: 0
  do_rectify: False
---
header: 
  seq: 3407
  stamp: 
    secs: 1561995320
    nsecs: 400708496
  frame_id: "zed_right_camera_optical_frame"
height: 376
width: 672
distortion_model: "plumb_bob"
D: [-0.1720460057258606, 0.026544200256466866, 0.0, 0.0, 0.0]
K: [350.0429992675781, 0.0, 331.5719909667969, 0.0, 350.0429992675781, 201.7949981689453, 0.0, 0.0, 1.0]
R: [0.999994695186615, 2.9235270631033927e-05, 0.0032551416661590338, -4.8774920287542045e-05, 0.9999819993972778, 0.005997919477522373, -0.003254907438531518, -0.005998046137392521, 0.9999766945838928]
P: [350.0429992675781, 0.0, 331.5719909667969, -22.03535270690918, 0.0, 350.0429992675781, 201.7949981689453, 0.0, 0.0, 0.0, 1.0, 0.0]
binning_x: 0
binning_y: 0
roi: 
  x_offset: 0
  y_offset: 0
  height: 0
  width: 0
  do_rectify: False
---
header: 
  seq: 3408
  stamp: 
    secs: 1561995320
    nsecs: 417458496
  frame_id: "zed_right_camera_optical_frame"
height: 376
width: 672
distortion_model: "plumb_bob"
D: [-0.1720460057258606, 0.026544200256466866, 0.0, 0.0, 0.0]
K: [350.0429992675781, 0.0, 331.5719909667969, 0.0, 350.0429992675781, 201.7949981689453, 0.0, 0.0, 1.0]
R: [0.999994695186615, 2.9235270631033927e-05, 0.0032551416661590338, -4.8774920287542045e-05, 0.9999819993972778, 0.005997919477522373, -0.003254907438531518, -0.005998046137392521, 0.9999766945838928]
P: [350.0429992675781, 0.0, 331.5719909667969, -22.03535270690918, 0.0, 350.0429992675781, 201.7949981689453, 0.0, 0.0, 0.0, 1.0, 0.0]
binning_x: 0
binning_y: 0
roi: 
  x_offset: 0
  y_offset: 0
  height: 0
  width: 0
  do_rectify: False
---
header: 
  seq: 3409
  stamp: 
    secs: 1561995320
    nsecs: 434081496
  frame_id: "zed_right_camera_optical_frame"
height: 376
width: 672
distortion_model: "plumb_bob"
D: [-0.1720460057258606, 0.026544200256466866, 0.0, 0.0, 0.0]
K: [350.0429992675781, 0.0, 331.5719909667969, 0.0, 350.0429992675781, 201.7949981689453, 0.0, 0.0, 1.0]
R: [0.999994695186615, 2.9235270631033927e-05, 0.0032551416661590338, -4.8774920287542045e-05, 0.9999819993972778, 0.005997919477522373, -0.003254907438531518, -0.005998046137392521, 0.9999766945838928]
P: [350.0429992675781, 0.0, 331.5719909667969, -22.03535270690918, 0.0, 350.0429992675781, 201.7949981689453, 0.0, 0.0, 0.0, 1.0, 0.0]
binning_x: 0
binning_y: 0
roi: 
  x_offset: 0
  y_offset: 0
  height: 0
  width: 0
  do_rectify: False
---
header: 
  seq: 3410
  stamp: 
    secs: 1561995320
    nsecs: 450831496
  frame_id: "zed_right_camera_optical_frame"
height: 376
width: 672
distortion_model: "plumb_bob"
D: [-0.1720460057258606, 0.026544200256466866, 0.0, 0.0, 0.0]
K: [350.0429992675781, 0.0, 331.5719909667969, 0.0, 350.0429992675781, 201.7949981689453, 0.0, 0.0, 1.0]
R: [0.999994695186615, 2.9235270631033927e-05, 0.0032551416661590338, -4.8774920287542045e-05, 0.9999819993972778, 0.005997919477522373, -0.003254907438531518, -0.005998046137392521, 0.9999766945838928]
P: [350.0429992675781, 0.0, 331.5719909667969, -22.03535270690918, 0.0, 350.0429992675781, 201.7949981689453, 0.0, 0.0, 0.0, 1.0, 0.0]
binning_x: 0
binning_y: 0
roi: 
  x_offset: 0
  y_offset: 0
  height: 0
  width: 0
  do_rectify: False
---
header: 
  seq: 3411
  stamp: 
    secs: 1561995320
    nsecs: 467456496
  frame_id: "zed_right_camera_optical_frame"
height: 376
width: 672
distortion_model: "plumb_bob"
D: [-0.1720460057258606, 0.026544200256466866, 0.0, 0.0, 0.0]
K: [350.0429992675781, 0.0, 331.5719909667969, 0.0, 350.0429992675781, 201.7949981689453, 0.0, 0.0, 1.0]
R: [0.999994695186615, 2.9235270631033927e-05, 0.0032551416661590338, -4.8774920287542045e-05, 0.9999819993972778, 0.005997919477522373, -0.003254907438531518, -0.005998046137392521, 0.9999766945838928]
P: [350.0429992675781, 0.0, 331.5719909667969, -22.03535270690918, 0.0, 350.0429992675781, 201.7949981689453, 0.0, 0.0, 0.0, 1.0, 0.0]
binning_x: 0
binning_y: 0
roi: 
  x_offset: 0
  y_offset: 0
  height: 0
  width: 0
  do_rectify: False
---
header: 
  seq: 3412
  stamp: 
    secs: 1561995320
    nsecs: 484204496
  frame_id: "zed_right_camera_optical_frame"
height: 376
width: 672
distortion_model: "plumb_bob"
D: [-0.1720460057258606, 0.026544200256466866, 0.0, 0.0, 0.0]
K: [350.0429992675781, 0.0, 331.5719909667969, 0.0, 350.0429992675781, 201.7949981689453, 0.0, 0.0, 1.0]
R: [0.999994695186615, 2.9235270631033927e-05, 0.0032551416661590338, -4.8774920287542045e-05, 0.9999819993972778, 0.005997919477522373, -0.003254907438531518, -0.005998046137392521, 0.9999766945838928]
P: [350.0429992675781, 0.0, 331.5719909667969, -22.03535270690918, 0.0, 350.0429992675781, 201.7949981689453, 0.0, 0.0, 0.0, 1.0, 0.0]
binning_x: 0
binning_y: 0
roi: 
  x_offset: 0
  y_offset: 0
  height: 0
  width: 0
  do_rectify: False
---
header: 
  seq: 3413
  stamp: 
    secs: 1561995320
    nsecs: 500849496
  frame_id: "zed_right_camera_optical_frame"
height: 376
width: 672
distortion_model: "plumb_bob"
D: [-0.1720460057258606, 0.026544200256466866, 0.0, 0.0, 0.0]
K: [350.0429992675781, 0.0, 331.5719909667969, 0.0, 350.0429992675781, 201.7949981689453, 0.0, 0.0, 1.0]
R: [0.999994695186615, 2.9235270631033927e-05, 0.0032551416661590338, -4.8774920287542045e-05, 0.9999819993972778, 0.005997919477522373, -0.003254907438531518, -0.005998046137392521, 0.9999766945838928]
P: [350.0429992675781, 0.0, 331.5719909667969, -22.03535270690918, 0.0, 350.0429992675781, 201.7949981689453, 0.0, 0.0, 0.0, 1.0, 0.0]
binning_x: 0
binning_y: 0
roi: 
  x_offset: 0
  y_offset: 0
  height: 0
  width: 0
  do_rectify: False
---
header: 
  seq: 3414
  stamp: 
    secs: 1561995320
    nsecs: 517583496
  frame_id: "zed_right_camera_optical_frame"
height: 376
width: 672
distortion_model: "plumb_bob"
D: [-0.1720460057258606, 0.026544200256466866, 0.0, 0.0, 0.0]
K: [350.0429992675781, 0.0, 331.5719909667969, 0.0, 350.0429992675781, 201.7949981689453, 0.0, 0.0, 1.0]
R: [0.999994695186615, 2.9235270631033927e-05, 0.0032551416661590338, -4.8774920287542045e-05, 0.9999819993972778, 0.005997919477522373, -0.003254907438531518, -0.005998046137392521, 0.9999766945838928]
P: [350.0429992675781, 0.0, 331.5719909667969, -22.03535270690918, 0.0, 350.0429992675781, 201.7949981689453, 0.0, 0.0, 0.0, 1.0, 0.0]
binning_x: 0
binning_y: 0
roi: 
  x_offset: 0
  y_offset: 0
  height: 0
  width: 0
  do_rectify: False
---
header: 
  seq: 3415
  stamp: 
    secs: 1561995320
    nsecs: 534223496
  frame_id: "zed_right_camera_optical_frame"
height: 376
width: 672
distortion_model: "plumb_bob"
D: [-0.1720460057258606, 0.026544200256466866, 0.0, 0.0, 0.0]
K: [350.0429992675781, 0.0, 331.5719909667969, 0.0, 350.0429992675781, 201.7949981689453, 0.0, 0.0, 1.0]
R: [0.999994695186615, 2.9235270631033927e-05, 0.0032551416661590338, -4.8774920287542045e-05, 0.9999819993972778, 0.005997919477522373, -0.003254907438531518, -0.005998046137392521, 0.9999766945838928]
P: [350.0429992675781, 0.0, 331.5719909667969, -22.03535270690918, 0.0, 350.0429992675781, 201.7949981689453, 0.0, 0.0, 0.0, 1.0, 0.0]
binning_x: 0
binning_y: 0
roi: 
  x_offset: 0
  y_offset: 0
  height: 0
  width: 0
  do_rectify: False
---
header: 
  seq: 3416
  stamp: 
    secs: 1561995320
    nsecs: 550956496
  frame_id: "zed_right_camera_optical_frame"
height: 376
width: 672
distortion_model: "plumb_bob"
D: [-0.1720460057258606, 0.026544200256466866, 0.0, 0.0, 0.0]
K: [350.0429992675781, 0.0, 331.5719909667969, 0.0, 350.0429992675781, 201.7949981689453, 0.0, 0.0, 1.0]
R: [0.999994695186615, 2.9235270631033927e-05, 0.0032551416661590338, -4.8774920287542045e-05, 0.9999819993972778, 0.005997919477522373, -0.003254907438531518, -0.005998046137392521, 0.9999766945838928]
P: [350.0429992675781, 0.0, 331.5719909667969, -22.03535270690918, 0.0, 350.0429992675781, 201.7949981689453, 0.0, 0.0, 0.0, 1.0, 0.0]
binning_x: 0
binning_y: 0
roi: 
  x_offset: 0
  y_offset: 0
  height: 0
  width: 0
  do_rectify: False
---
header: 
  seq: 3417
  stamp: 
    secs: 1561995320
    nsecs: 567722496
  frame_id: "zed_right_camera_optical_frame"
height: 376
width: 672
distortion_model: "plumb_bob"
D: [-0.1720460057258606, 0.026544200256466866, 0.0, 0.0, 0.0]
K: [350.0429992675781, 0.0, 331.5719909667969, 0.0, 350.0429992675781, 201.7949981689453, 0.0, 0.0, 1.0]
R: [0.999994695186615, 2.9235270631033927e-05, 0.0032551416661590338, -4.8774920287542045e-05, 0.9999819993972778, 0.005997919477522373, -0.003254907438531518, -0.005998046137392521, 0.9999766945838928]
P: [350.0429992675781, 0.0, 331.5719909667969, -22.03535270690918, 0.0, 350.0429992675781, 201.7949981689453, 0.0, 0.0, 0.0, 1.0, 0.0]
binning_x: 0
binning_y: 0
roi: 
  x_offset: 0
  y_offset: 0
  height: 0
  width: 0
  do_rectify: False
---
header: 
  seq: 3418
  stamp: 
    secs: 1561995320
    nsecs: 584332496
  frame_id: "zed_right_camera_optical_frame"
height: 376
width: 672
distortion_model: "plumb_bob"
D: [-0.1720460057258606, 0.026544200256466866, 0.0, 0.0, 0.0]
K: [350.0429992675781, 0.0, 331.5719909667969, 0.0, 350.0429992675781, 201.7949981689453, 0.0, 0.0, 1.0]
R: [0.999994695186615, 2.9235270631033927e-05, 0.0032551416661590338, -4.8774920287542045e-05, 0.9999819993972778, 0.005997919477522373, -0.003254907438531518, -0.005998046137392521, 0.9999766945838928]
P: [350.0429992675781, 0.0, 331.5719909667969, -22.03535270690918, 0.0, 350.0429992675781, 201.7949981689453, 0.0, 0.0, 0.0, 1.0, 0.0]
binning_x: 0
binning_y: 0
roi: 
  x_offset: 0
  y_offset: 0
  height: 0
  width: 0
  do_rectify: False
---
header: 
  seq: 3419
  stamp: 
    secs: 1561995320
    nsecs: 601095496
  frame_id: "zed_right_camera_optical_frame"
height: 376
width: 672
distortion_model: "plumb_bob"
D: [-0.1720460057258606, 0.026544200256466866, 0.0, 0.0, 0.0]
K: [350.0429992675781, 0.0, 331.5719909667969, 0.0, 350.0429992675781, 201.7949981689453, 0.0, 0.0, 1.0]
R: [0.999994695186615, 2.9235270631033927e-05, 0.0032551416661590338, -4.8774920287542045e-05, 0.9999819993972778, 0.005997919477522373, -0.003254907438531518, -0.005998046137392521, 0.9999766945838928]
P: [350.0429992675781, 0.0, 331.5719909667969, -22.03535270690918, 0.0, 350.0429992675781, 201.7949981689453, 0.0, 0.0, 0.0, 1.0, 0.0]
binning_x: 0
binning_y: 0
roi: 
  x_offset: 0
  y_offset: 0
  height: 0
  width: 0
  do_rectify: False
---
header: 
  seq: 3420
  stamp: 
    secs: 1561995320
    nsecs: 617705496
  frame_id: "zed_right_camera_optical_frame"
height: 376
width: 672
distortion_model: "plumb_bob"
D: [-0.1720460057258606, 0.026544200256466866, 0.0, 0.0, 0.0]
K: [350.0429992675781, 0.0, 331.5719909667969, 0.0, 350.0429992675781, 201.7949981689453, 0.0, 0.0, 1.0]
R: [0.999994695186615, 2.9235270631033927e-05, 0.0032551416661590338, -4.8774920287542045e-05, 0.9999819993972778, 0.005997919477522373, -0.003254907438531518, -0.005998046137392521, 0.9999766945838928]
P: [350.0429992675781, 0.0, 331.5719909667969, -22.03535270690918, 0.0, 350.0429992675781, 201.7949981689453, 0.0, 0.0, 0.0, 1.0, 0.0]
binning_x: 0
binning_y: 0
roi: 
  x_offset: 0
  y_offset: 0
  height: 0
  width: 0
  do_rectify: False
---
header: 
  seq: 3421
  stamp: 
    secs: 1561995320
    nsecs: 634471496
  frame_id: "zed_right_camera_optical_frame"
height: 376
width: 672
distortion_model: "plumb_bob"
D: [-0.1720460057258606, 0.026544200256466866, 0.0, 0.0, 0.0]
K: [350.0429992675781, 0.0, 331.5719909667969, 0.0, 350.0429992675781, 201.7949981689453, 0.0, 0.0, 1.0]
R: [0.999994695186615, 2.9235270631033927e-05, 0.0032551416661590338, -4.8774920287542045e-05, 0.9999819993972778, 0.005997919477522373, -0.003254907438531518, -0.005998046137392521, 0.9999766945838928]
P: [350.0429992675781, 0.0, 331.5719909667969, -22.03535270690918, 0.0, 350.0429992675781, 201.7949981689453, 0.0, 0.0, 0.0, 1.0, 0.0]
binning_x: 0
binning_y: 0
roi: 
  x_offset: 0
  y_offset: 0
  height: 0
  width: 0
  do_rectify: False
---
header: 
  seq: 3422
  stamp: 
    secs: 1561995320
    nsecs: 651079496
  frame_id: "zed_right_camera_optical_frame"
height: 376
width: 672
distortion_model: "plumb_bob"
D: [-0.1720460057258606, 0.026544200256466866, 0.0, 0.0, 0.0]
K: [350.0429992675781, 0.0, 331.5719909667969, 0.0, 350.0429992675781, 201.7949981689453, 0.0, 0.0, 1.0]
R: [0.999994695186615, 2.9235270631033927e-05, 0.0032551416661590338, -4.8774920287542045e-05, 0.9999819993972778, 0.005997919477522373, -0.003254907438531518, -0.005998046137392521, 0.9999766945838928]
P: [350.0429992675781, 0.0, 331.5719909667969, -22.03535270690918, 0.0, 350.0429992675781, 201.7949981689453, 0.0, 0.0, 0.0, 1.0, 0.0]
binning_x: 0
binning_y: 0
roi: 
  x_offset: 0
  y_offset: 0
  height: 0
  width: 0
  do_rectify: False
---
header: 
  seq: 3423
  stamp: 
    secs: 1561995320
    nsecs: 667848496
  frame_id: "zed_right_camera_optical_frame"
height: 376
width: 672
distortion_model: "plumb_bob"
D: [-0.1720460057258606, 0.026544200256466866, 0.0, 0.0, 0.0]
K: [350.0429992675781, 0.0, 331.5719909667969, 0.0, 350.0429992675781, 201.7949981689453, 0.0, 0.0, 1.0]
R: [0.999994695186615, 2.9235270631033927e-05, 0.0032551416661590338, -4.8774920287542045e-05, 0.9999819993972778, 0.005997919477522373, -0.003254907438531518, -0.005998046137392521, 0.9999766945838928]
P: [350.0429992675781, 0.0, 331.5719909667969, -22.03535270690918, 0.0, 350.0429992675781, 201.7949981689453, 0.0, 0.0, 0.0, 1.0, 0.0]
binning_x: 0
binning_y: 0
roi: 
  x_offset: 0
  y_offset: 0
  height: 0
  width: 0
  do_rectify: False
---
header: 
  seq: 3424
  stamp: 
    secs: 1561995320
    nsecs: 684457496
  frame_id: "zed_right_camera_optical_frame"
height: 376
width: 672
distortion_model: "plumb_bob"
D: [-0.1720460057258606, 0.026544200256466866, 0.0, 0.0, 0.0]
K: [350.0429992675781, 0.0, 331.5719909667969, 0.0, 350.0429992675781, 201.7949981689453, 0.0, 0.0, 1.0]
R: [0.999994695186615, 2.9235270631033927e-05, 0.0032551416661590338, -4.8774920287542045e-05, 0.9999819993972778, 0.005997919477522373, -0.003254907438531518, -0.005998046137392521, 0.9999766945838928]
P: [350.0429992675781, 0.0, 331.5719909667969, -22.03535270690918, 0.0, 350.0429992675781, 201.7949981689453, 0.0, 0.0, 0.0, 1.0, 0.0]
binning_x: 0
binning_y: 0
roi: 
  x_offset: 0
  y_offset: 0
  height: 0
  width: 0
  do_rectify: False
---
header: 
  seq: 3425
  stamp: 
    secs: 1561995320
    nsecs: 701208496
  frame_id: "zed_right_camera_optical_frame"
height: 376
width: 672
distortion_model: "plumb_bob"
D: [-0.1720460057258606, 0.026544200256466866, 0.0, 0.0, 0.0]
K: [350.0429992675781, 0.0, 331.5719909667969, 0.0, 350.0429992675781, 201.7949981689453, 0.0, 0.0, 1.0]
R: [0.999994695186615, 2.9235270631033927e-05, 0.0032551416661590338, -4.8774920287542045e-05, 0.9999819993972778, 0.005997919477522373, -0.003254907438531518, -0.005998046137392521, 0.9999766945838928]
P: [350.0429992675781, 0.0, 331.5719909667969, -22.03535270690918, 0.0, 350.0429992675781, 201.7949981689453, 0.0, 0.0, 0.0, 1.0, 0.0]
binning_x: 0
binning_y: 0
roi: 
  x_offset: 0
  y_offset: 0
  height: 0
  width: 0
  do_rectify: False
---
header: 
  seq: 3426
  stamp: 
    secs: 1561995320
    nsecs: 717955496
  frame_id: "zed_right_camera_optical_frame"
height: 376
width: 672
distortion_model: "plumb_bob"
D: [-0.1720460057258606, 0.026544200256466866, 0.0, 0.0, 0.0]
K: [350.0429992675781, 0.0, 331.5719909667969, 0.0, 350.0429992675781, 201.7949981689453, 0.0, 0.0, 1.0]
R: [0.999994695186615, 2.9235270631033927e-05, 0.0032551416661590338, -4.8774920287542045e-05, 0.9999819993972778, 0.005997919477522373, -0.003254907438531518, -0.005998046137392521, 0.9999766945838928]
P: [350.0429992675781, 0.0, 331.5719909667969, -22.03535270690918, 0.0, 350.0429992675781, 201.7949981689453, 0.0, 0.0, 0.0, 1.0, 0.0]
binning_x: 0
binning_y: 0
roi: 
  x_offset: 0
  y_offset: 0
  height: 0
  width: 0
  do_rectify: False
---
header: 
  seq: 3427
  stamp: 
    secs: 1561995320
    nsecs: 734583496
  frame_id: "zed_right_camera_optical_frame"
height: 376
width: 672
distortion_model: "plumb_bob"
D: [-0.1720460057258606, 0.026544200256466866, 0.0, 0.0, 0.0]
K: [350.0429992675781, 0.0, 331.5719909667969, 0.0, 350.0429992675781, 201.7949981689453, 0.0, 0.0, 1.0]
R: [0.999994695186615, 2.9235270631033927e-05, 0.0032551416661590338, -4.8774920287542045e-05, 0.9999819993972778, 0.005997919477522373, -0.003254907438531518, -0.005998046137392521, 0.9999766945838928]
P: [350.0429992675781, 0.0, 331.5719909667969, -22.03535270690918, 0.0, 350.0429992675781, 201.7949981689453, 0.0, 0.0, 0.0, 1.0, 0.0]
binning_x: 0
binning_y: 0
roi: 
  x_offset: 0
  y_offset: 0
  height: 0
  width: 0
  do_rectify: False
---
header: 
  seq: 3428
  stamp: 
    secs: 1561995320
    nsecs: 751331496
  frame_id: "zed_right_camera_optical_frame"
height: 376
width: 672
distortion_model: "plumb_bob"
D: [-0.1720460057258606, 0.026544200256466866, 0.0, 0.0, 0.0]
K: [350.0429992675781, 0.0, 331.5719909667969, 0.0, 350.0429992675781, 201.7949981689453, 0.0, 0.0, 1.0]
R: [0.999994695186615, 2.9235270631033927e-05, 0.0032551416661590338, -4.8774920287542045e-05, 0.9999819993972778, 0.005997919477522373, -0.003254907438531518, -0.005998046137392521, 0.9999766945838928]
P: [350.0429992675781, 0.0, 331.5719909667969, -22.03535270690918, 0.0, 350.0429992675781, 201.7949981689453, 0.0, 0.0, 0.0, 1.0, 0.0]
binning_x: 0
binning_y: 0
roi: 
  x_offset: 0
  y_offset: 0
  height: 0
  width: 0
  do_rectify: False
---
header: 
  seq: 3429
  stamp: 
    secs: 1561995320
    nsecs: 767955496
  frame_id: "zed_right_camera_optical_frame"
height: 376
width: 672
distortion_model: "plumb_bob"
D: [-0.1720460057258606, 0.026544200256466866, 0.0, 0.0, 0.0]
K: [350.0429992675781, 0.0, 331.5719909667969, 0.0, 350.0429992675781, 201.7949981689453, 0.0, 0.0, 1.0]
R: [0.999994695186615, 2.9235270631033927e-05, 0.0032551416661590338, -4.8774920287542045e-05, 0.9999819993972778, 0.005997919477522373, -0.003254907438531518, -0.005998046137392521, 0.9999766945838928]
P: [350.0429992675781, 0.0, 331.5719909667969, -22.03535270690918, 0.0, 350.0429992675781, 201.7949981689453, 0.0, 0.0, 0.0, 1.0, 0.0]
binning_x: 0
binning_y: 0
roi: 
  x_offset: 0
  y_offset: 0
  height: 0
  width: 0
  do_rectify: False
---
header: 
  seq: 3430
  stamp: 
    secs: 1561995320
    nsecs: 784705496
  frame_id: "zed_right_camera_optical_frame"
height: 376
width: 672
distortion_model: "plumb_bob"
D: [-0.1720460057258606, 0.026544200256466866, 0.0, 0.0, 0.0]
K: [350.0429992675781, 0.0, 331.5719909667969, 0.0, 350.0429992675781, 201.7949981689453, 0.0, 0.0, 1.0]
R: [0.999994695186615, 2.9235270631033927e-05, 0.0032551416661590338, -4.8774920287542045e-05, 0.9999819993972778, 0.005997919477522373, -0.003254907438531518, -0.005998046137392521, 0.9999766945838928]
P: [350.0429992675781, 0.0, 331.5719909667969, -22.03535270690918, 0.0, 350.0429992675781, 201.7949981689453, 0.0, 0.0, 0.0, 1.0, 0.0]
binning_x: 0
binning_y: 0
roi: 
  x_offset: 0
  y_offset: 0
  height: 0
  width: 0
  do_rectify: False
---
header: 
  seq: 3431
  stamp: 
    secs: 1561995320
    nsecs: 801331496
  frame_id: "zed_right_camera_optical_frame"
height: 376
width: 672
distortion_model: "plumb_bob"
D: [-0.1720460057258606, 0.026544200256466866, 0.0, 0.0, 0.0]
K: [350.0429992675781, 0.0, 331.5719909667969, 0.0, 350.0429992675781, 201.7949981689453, 0.0, 0.0, 1.0]
R: [0.999994695186615, 2.9235270631033927e-05, 0.0032551416661590338, -4.8774920287542045e-05, 0.9999819993972778, 0.005997919477522373, -0.003254907438531518, -0.005998046137392521, 0.9999766945838928]
P: [350.0429992675781, 0.0, 331.5719909667969, -22.03535270690918, 0.0, 350.0429992675781, 201.7949981689453, 0.0, 0.0, 0.0, 1.0, 0.0]
binning_x: 0
binning_y: 0
roi: 
  x_offset: 0
  y_offset: 0
  height: 0
  width: 0
  do_rectify: False
---
header: 
  seq: 3432
  stamp: 
    secs: 1561995320
    nsecs: 818082496
  frame_id: "zed_right_camera_optical_frame"
height: 376
width: 672
distortion_model: "plumb_bob"
D: [-0.1720460057258606, 0.026544200256466866, 0.0, 0.0, 0.0]
K: [350.0429992675781, 0.0, 331.5719909667969, 0.0, 350.0429992675781, 201.7949981689453, 0.0, 0.0, 1.0]
R: [0.999994695186615, 2.9235270631033927e-05, 0.0032551416661590338, -4.8774920287542045e-05, 0.9999819993972778, 0.005997919477522373, -0.003254907438531518, -0.005998046137392521, 0.9999766945838928]
P: [350.0429992675781, 0.0, 331.5719909667969, -22.03535270690918, 0.0, 350.0429992675781, 201.7949981689453, 0.0, 0.0, 0.0, 1.0, 0.0]
binning_x: 0
binning_y: 0
roi: 
  x_offset: 0
  y_offset: 0
  height: 0
  width: 0
  do_rectify: False
---
header: 
  seq: 3433
  stamp: 
    secs: 1561995320
    nsecs: 834705496
  frame_id: "zed_right_camera_optical_frame"
height: 376
width: 672
distortion_model: "plumb_bob"
D: [-0.1720460057258606, 0.026544200256466866, 0.0, 0.0, 0.0]
K: [350.0429992675781, 0.0, 331.5719909667969, 0.0, 350.0429992675781, 201.7949981689453, 0.0, 0.0, 1.0]
R: [0.999994695186615, 2.9235270631033927e-05, 0.0032551416661590338, -4.8774920287542045e-05, 0.9999819993972778, 0.005997919477522373, -0.003254907438531518, -0.005998046137392521, 0.9999766945838928]
P: [350.0429992675781, 0.0, 331.5719909667969, -22.03535270690918, 0.0, 350.0429992675781, 201.7949981689453, 0.0, 0.0, 0.0, 1.0, 0.0]
binning_x: 0
binning_y: 0
roi: 
  x_offset: 0
  y_offset: 0
  height: 0
  width: 0
  do_rectify: False
---
header: 
  seq: 3434
  stamp: 
    secs: 1561995320
    nsecs: 851455496
  frame_id: "zed_right_camera_optical_frame"
height: 376
width: 672
distortion_model: "plumb_bob"
D: [-0.1720460057258606, 0.026544200256466866, 0.0, 0.0, 0.0]
K: [350.0429992675781, 0.0, 331.5719909667969, 0.0, 350.0429992675781, 201.7949981689453, 0.0, 0.0, 1.0]
R: [0.999994695186615, 2.9235270631033927e-05, 0.0032551416661590338, -4.8774920287542045e-05, 0.9999819993972778, 0.005997919477522373, -0.003254907438531518, -0.005998046137392521, 0.9999766945838928]
P: [350.0429992675781, 0.0, 331.5719909667969, -22.03535270690918, 0.0, 350.0429992675781, 201.7949981689453, 0.0, 0.0, 0.0, 1.0, 0.0]
binning_x: 0
binning_y: 0
roi: 
  x_offset: 0
  y_offset: 0
  height: 0
  width: 0
  do_rectify: False
---
header: 
  seq: 3435
  stamp: 
    secs: 1561995320
    nsecs: 868080496
  frame_id: "zed_right_camera_optical_frame"
height: 376
width: 672
distortion_model: "plumb_bob"
D: [-0.1720460057258606, 0.026544200256466866, 0.0, 0.0, 0.0]
K: [350.0429992675781, 0.0, 331.5719909667969, 0.0, 350.0429992675781, 201.7949981689453, 0.0, 0.0, 1.0]
R: [0.999994695186615, 2.9235270631033927e-05, 0.0032551416661590338, -4.8774920287542045e-05, 0.9999819993972778, 0.005997919477522373, -0.003254907438531518, -0.005998046137392521, 0.9999766945838928]
P: [350.0429992675781, 0.0, 331.5719909667969, -22.03535270690918, 0.0, 350.0429992675781, 201.7949981689453, 0.0, 0.0, 0.0, 1.0, 0.0]
binning_x: 0
binning_y: 0
roi: 
  x_offset: 0
  y_offset: 0
  height: 0
  width: 0
  do_rectify: False
---
header: 
  seq: 3436
  stamp: 
    secs: 1561995320
    nsecs: 884849496
  frame_id: "zed_right_camera_optical_frame"
height: 376
width: 672
distortion_model: "plumb_bob"
D: [-0.1720460057258606, 0.026544200256466866, 0.0, 0.0, 0.0]
K: [350.0429992675781, 0.0, 331.5719909667969, 0.0, 350.0429992675781, 201.7949981689453, 0.0, 0.0, 1.0]
R: [0.999994695186615, 2.9235270631033927e-05, 0.0032551416661590338, -4.8774920287542045e-05, 0.9999819993972778, 0.005997919477522373, -0.003254907438531518, -0.005998046137392521, 0.9999766945838928]
P: [350.0429992675781, 0.0, 331.5719909667969, -22.03535270690918, 0.0, 350.0429992675781, 201.7949981689453, 0.0, 0.0, 0.0, 1.0, 0.0]
binning_x: 0
binning_y: 0
roi: 
  x_offset: 0
  y_offset: 0
  height: 0
  width: 0
  do_rectify: False
---
header: 
  seq: 3437
  stamp: 
    secs: 1561995320
    nsecs: 901577496
  frame_id: "zed_right_camera_optical_frame"
height: 376
width: 672
distortion_model: "plumb_bob"
D: [-0.1720460057258606, 0.026544200256466866, 0.0, 0.0, 0.0]
K: [350.0429992675781, 0.0, 331.5719909667969, 0.0, 350.0429992675781, 201.7949981689453, 0.0, 0.0, 1.0]
R: [0.999994695186615, 2.9235270631033927e-05, 0.0032551416661590338, -4.8774920287542045e-05, 0.9999819993972778, 0.005997919477522373, -0.003254907438531518, -0.005998046137392521, 0.9999766945838928]
P: [350.0429992675781, 0.0, 331.5719909667969, -22.03535270690918, 0.0, 350.0429992675781, 201.7949981689453, 0.0, 0.0, 0.0, 1.0, 0.0]
binning_x: 0
binning_y: 0
roi: 
  x_offset: 0
  y_offset: 0
  height: 0
  width: 0
  do_rectify: False
---
header: 
  seq: 3438
  stamp: 
    secs: 1561995320
    nsecs: 918218496
  frame_id: "zed_right_camera_optical_frame"
height: 376
width: 672
distortion_model: "plumb_bob"
D: [-0.1720460057258606, 0.026544200256466866, 0.0, 0.0, 0.0]
K: [350.0429992675781, 0.0, 331.5719909667969, 0.0, 350.0429992675781, 201.7949981689453, 0.0, 0.0, 1.0]
R: [0.999994695186615, 2.9235270631033927e-05, 0.0032551416661590338, -4.8774920287542045e-05, 0.9999819993972778, 0.005997919477522373, -0.003254907438531518, -0.005998046137392521, 0.9999766945838928]
P: [350.0429992675781, 0.0, 331.5719909667969, -22.03535270690918, 0.0, 350.0429992675781, 201.7949981689453, 0.0, 0.0, 0.0, 1.0, 0.0]
binning_x: 0
binning_y: 0
roi: 
  x_offset: 0
  y_offset: 0
  height: 0
  width: 0
  do_rectify: False
---
header: 
  seq: 3439
  stamp: 
    secs: 1561995320
    nsecs: 934963496
  frame_id: "zed_right_camera_optical_frame"
height: 376
width: 672
distortion_model: "plumb_bob"
D: [-0.1720460057258606, 0.026544200256466866, 0.0, 0.0, 0.0]
K: [350.0429992675781, 0.0, 331.5719909667969, 0.0, 350.0429992675781, 201.7949981689453, 0.0, 0.0, 1.0]
R: [0.999994695186615, 2.9235270631033927e-05, 0.0032551416661590338, -4.8774920287542045e-05, 0.9999819993972778, 0.005997919477522373, -0.003254907438531518, -0.005998046137392521, 0.9999766945838928]
P: [350.0429992675781, 0.0, 331.5719909667969, -22.03535270690918, 0.0, 350.0429992675781, 201.7949981689453, 0.0, 0.0, 0.0, 1.0, 0.0]
binning_x: 0
binning_y: 0
roi: 
  x_offset: 0
  y_offset: 0
  height: 0
  width: 0
  do_rectify: False
---
header: 
  seq: 3440
  stamp: 
    secs: 1561995320
    nsecs: 951604496
  frame_id: "zed_right_camera_optical_frame"
height: 376
width: 672
distortion_model: "plumb_bob"
D: [-0.1720460057258606, 0.026544200256466866, 0.0, 0.0, 0.0]
K: [350.0429992675781, 0.0, 331.5719909667969, 0.0, 350.0429992675781, 201.7949981689453, 0.0, 0.0, 1.0]
R: [0.999994695186615, 2.9235270631033927e-05, 0.0032551416661590338, -4.8774920287542045e-05, 0.9999819993972778, 0.005997919477522373, -0.003254907438531518, -0.005998046137392521, 0.9999766945838928]
P: [350.0429992675781, 0.0, 331.5719909667969, -22.03535270690918, 0.0, 350.0429992675781, 201.7949981689453, 0.0, 0.0, 0.0, 1.0, 0.0]
binning_x: 0
binning_y: 0
roi: 
  x_offset: 0
  y_offset: 0
  height: 0
  width: 0
  do_rectify: False
---
header: 
  seq: 3441
  stamp: 
    secs: 1561995320
    nsecs: 968331496
  frame_id: "zed_right_camera_optical_frame"
height: 376
width: 672
distortion_model: "plumb_bob"
D: [-0.1720460057258606, 0.026544200256466866, 0.0, 0.0, 0.0]
K: [350.0429992675781, 0.0, 331.5719909667969, 0.0, 350.0429992675781, 201.7949981689453, 0.0, 0.0, 1.0]
R: [0.999994695186615, 2.9235270631033927e-05, 0.0032551416661590338, -4.8774920287542045e-05, 0.9999819993972778, 0.005997919477522373, -0.003254907438531518, -0.005998046137392521, 0.9999766945838928]
P: [350.0429992675781, 0.0, 331.5719909667969, -22.03535270690918, 0.0, 350.0429992675781, 201.7949981689453, 0.0, 0.0, 0.0, 1.0, 0.0]
binning_x: 0
binning_y: 0
roi: 
  x_offset: 0
  y_offset: 0
  height: 0
  width: 0
  do_rectify: False
---
header: 
  seq: 3442
  stamp: 
    secs: 1561995320
    nsecs: 984976496
  frame_id: "zed_right_camera_optical_frame"
height: 376
width: 672
distortion_model: "plumb_bob"
D: [-0.1720460057258606, 0.026544200256466866, 0.0, 0.0, 0.0]
K: [350.0429992675781, 0.0, 331.5719909667969, 0.0, 350.0429992675781, 201.7949981689453, 0.0, 0.0, 1.0]
R: [0.999994695186615, 2.9235270631033927e-05, 0.0032551416661590338, -4.8774920287542045e-05, 0.9999819993972778, 0.005997919477522373, -0.003254907438531518, -0.005998046137392521, 0.9999766945838928]
P: [350.0429992675781, 0.0, 331.5719909667969, -22.03535270690918, 0.0, 350.0429992675781, 201.7949981689453, 0.0, 0.0, 0.0, 1.0, 0.0]
binning_x: 0
binning_y: 0
roi: 
  x_offset: 0
  y_offset: 0
  height: 0
  width: 0
  do_rectify: False
---
header: 
  seq: 3443
  stamp: 
    secs: 1561995321
    nsecs:   1702496
  frame_id: "zed_right_camera_optical_frame"
height: 376
width: 672
distortion_model: "plumb_bob"
D: [-0.1720460057258606, 0.026544200256466866, 0.0, 0.0, 0.0]
K: [350.0429992675781, 0.0, 331.5719909667969, 0.0, 350.0429992675781, 201.7949981689453, 0.0, 0.0, 1.0]
R: [0.999994695186615, 2.9235270631033927e-05, 0.0032551416661590338, -4.8774920287542045e-05, 0.9999819993972778, 0.005997919477522373, -0.003254907438531518, -0.005998046137392521, 0.9999766945838928]
P: [350.0429992675781, 0.0, 331.5719909667969, -22.03535270690918, 0.0, 350.0429992675781, 201.7949981689453, 0.0, 0.0, 0.0, 1.0, 0.0]
binning_x: 0
binning_y: 0
roi: 
  x_offset: 0
  y_offset: 0
  height: 0
  width: 0
  do_rectify: False
---
header: 
  seq: 3444
  stamp: 
    secs: 1561995321
    nsecs:  18347496
  frame_id: "zed_right_camera_optical_frame"
height: 376
width: 672
distortion_model: "plumb_bob"
D: [-0.1720460057258606, 0.026544200256466866, 0.0, 0.0, 0.0]
K: [350.0429992675781, 0.0, 331.5719909667969, 0.0, 350.0429992675781, 201.7949981689453, 0.0, 0.0, 1.0]
R: [0.999994695186615, 2.9235270631033927e-05, 0.0032551416661590338, -4.8774920287542045e-05, 0.9999819993972778, 0.005997919477522373, -0.003254907438531518, -0.005998046137392521, 0.9999766945838928]
P: [350.0429992675781, 0.0, 331.5719909667969, -22.03535270690918, 0.0, 350.0429992675781, 201.7949981689453, 0.0, 0.0, 0.0, 1.0, 0.0]
binning_x: 0
binning_y: 0
roi: 
  x_offset: 0
  y_offset: 0
  height: 0
  width: 0
  do_rectify: False
---
header: 
  seq: 3445
  stamp: 
    secs: 1561995321
    nsecs:  35082496
  frame_id: "zed_right_camera_optical_frame"
height: 376
width: 672
distortion_model: "plumb_bob"
D: [-0.1720460057258606, 0.026544200256466866, 0.0, 0.0, 0.0]
K: [350.0429992675781, 0.0, 331.5719909667969, 0.0, 350.0429992675781, 201.7949981689453, 0.0, 0.0, 1.0]
R: [0.999994695186615, 2.9235270631033927e-05, 0.0032551416661590338, -4.8774920287542045e-05, 0.9999819993972778, 0.005997919477522373, -0.003254907438531518, -0.005998046137392521, 0.9999766945838928]
P: [350.0429992675781, 0.0, 331.5719909667969, -22.03535270690918, 0.0, 350.0429992675781, 201.7949981689453, 0.0, 0.0, 0.0, 1.0, 0.0]
binning_x: 0
binning_y: 0
roi: 
  x_offset: 0
  y_offset: 0
  height: 0
  width: 0
  do_rectify: False
---
header: 
  seq: 3446
  stamp: 
    secs: 1561995321
    nsecs:  51853496
  frame_id: "zed_right_camera_optical_frame"
height: 376
width: 672
distortion_model: "plumb_bob"
D: [-0.1720460057258606, 0.026544200256466866, 0.0, 0.0, 0.0]
K: [350.0429992675781, 0.0, 331.5719909667969, 0.0, 350.0429992675781, 201.7949981689453, 0.0, 0.0, 1.0]
R: [0.999994695186615, 2.9235270631033927e-05, 0.0032551416661590338, -4.8774920287542045e-05, 0.9999819993972778, 0.005997919477522373, -0.003254907438531518, -0.005998046137392521, 0.9999766945838928]
P: [350.0429992675781, 0.0, 331.5719909667969, -22.03535270690918, 0.0, 350.0429992675781, 201.7949981689453, 0.0, 0.0, 0.0, 1.0, 0.0]
binning_x: 0
binning_y: 0
roi: 
  x_offset: 0
  y_offset: 0
  height: 0
  width: 0
  do_rectify: False
---
header: 
  seq: 3447
  stamp: 
    secs: 1561995321
